5740235	100338932	35.455	770	444	19	667	1398	418	1172	5.22e-133	441
5740235	100338932	35.355	775	437	20	667	1398	418	1171	8.91e-133	440
5740235	100339436	36.903	775	428	21	668	1398	510	1267	4.12e-131	438
5740235	100338932	35.455	770	444	19	666	1397	418	1172	4.55e-133	441
5740235	100338932	35.355	775	437	20	666	1397	418	1171	7.61e-133	441
5740235	100339436	36.903	775	428	21	667	1397	510	1267	3.63e-131	438
5740235	100338932	35.455	770	444	19	666	1397	418	1172	4.55e-133	441
5740235	100338932	35.355	775	437	20	666	1397	418	1171	7.61e-133	441
5740235	100339436	36.903	775	428	21	667	1397	510	1267	3.63e-131	438
5740235	100338932	35.455	770	444	19	665	1396	418	1172	4.04e-133	441
5740235	100338932	35.355	775	437	20	665	1396	418	1171	7.48e-133	441
5740235	100339436	36.903	775	428	21	666	1396	510	1267	3.54e-131	438
5740235	100338932	34.563	515	305	14	341	835	401	903	1.83e-82	289
5740235	100338932	34.563	515	305	14	341	835	401	903	2.17e-82	289
5740235	100339436	33.966	580	336	16	359	903	510	1077	1.61e-77	276
5740235	100338932	34.563	515	305	14	341	835	401	903	1.83e-82	289
5740235	100338932	34.563	515	305	14	341	835	401	903	2.17e-82	289
5740235	100339436	33.966	580	336	16	359	903	510	1077	1.61e-77	276
5740408	100354357	22.131	732	475	18	274	984	17	674	2.53e-24	110
5740408	100354357	23.661	448	312	10	557	985	238	674	4.33e-20	96.7
5740408	100354357	27.007	137	80	3	274	408	17	135	0.003	42.4
30970	100341325	30.769	234	146	8	58	287	61	282	1.99e-21	94.0
30970	100338140	27.778	234	152	8	34	264	58	277	7.22e-20	89.7
30970	103345065	29.515	227	147	5	38	264	168	381	2.96e-19	89.4
30970	100341325	27.074	229	132	7	88	288	61	282	1.67e-12	68.2
30970	100338140	24.123	228	139	7	64	265	58	277	5.36e-12	66.6
30970	103348494	37.037	108	61	3	163	270	6	106	3.92e-10	58.9
30970	100341325	30.769	234	146	8	88	317	61	282	2.19e-21	94.0
30970	100338140	27.778	234	152	8	64	294	58	277	1.03e-19	89.7
30970	103345065	29.515	227	147	5	68	294	168	381	4.89e-19	89.0
30971	100355131	33.295	874	443	27	809	1651	413	1177	1.10e-131	441
30971	100355131	33.295	874	443	27	809	1651	447	1211	1.13e-131	442
30971	100348361	31.628	860	458	23	806	1638	509	1265	1.27e-131	443
30971	100348361	32.262	840	459	22	806	1618	509	1265	3.26e-135	453
30971	100355131	33.958	854	444	26	809	1631	413	1177	5.09e-135	450
30971	100348361	32.262	840	459	22	806	1618	505	1261	6.87e-135	452
30972	100339007	24.419	258	154	5	37	291	47	266	4.86e-17	81.3
30972	100358604	25.551	227	144	6	11	236	50	252	2.36e-14	73.9
30972	100358604	27.225	191	115	6	11	197	50	220	5.79e-11	63.5
30972	100339007	24.419	258	154	5	37	291	47	266	4.86e-17	81.3
30972	100358604	25.551	227	144	6	11	236	50	252	2.36e-14	73.9
30972	100358604	27.225	191	115	6	11	197	50	220	5.79e-11	63.5
