248102	40094
26067080	36460
2768865	3346208
2768865	33793
2768865	33795
2768940	43312
2768981	2768981
2768981	44703
2768981	49228
2768992	2768992
2769008	2769008
30981	38091
30981	43151
30981	43152
30981	43156
30981	43160
30982	38091
30982	43151
30982	43152
30982	43156
30982	43160
30985	38091
30985	43151
30985	43152
30985	43156
30985	43160
31000	31000
31000	32245
31000	37914
31000	43087
31002	252671
31002	53472
31016	31016
31016	33648
31016	35742
31016	35875
31016	36460
31016	37532
31016	37602
31016	38443
31016	38516
31016	39043
31016	40548
31016	41209
31016	41935
31016	42504
31016	43475
31022	31022
31043	39504
31059	33569
31110	31110
31141	32335
31141	35052
31151	40517
31151	42871
31151	43769
31165	31165
31165	35332
31165	35540
31181	31181
31181	41168
31212	47757
31221	31872
31227	34371
31229	31229
31251	31251
31256	37706
31267	42393
31269	37774
31269	41193
31290	31290
31290	44097
31292	31292
31293	326173
31293	34881
31293	39750
31293	42764
31332	33563
31332	43163
31364	31364
31364	3346207
31364	33676
31373	36654
31405	31405
31405	35878
31405	44160
31521	31521
31521	38438
31521	45931
31525	32557
31567	31567
31580	31405
31722	246604
31746	31746
31760	31760
31760	39988
31761	31761
31792	31792
318107	36409
31816	31816
31816	32979
31848	40141
318846	318855
318846	36495
318846	41836
318847	318846
318847	318847
318847	318855
318847	34119
318847	40358
318847	41836
318847	44879
318855	318855
318855	36495
31905	326237
32026	32026
32083	31997
32083	32083
32083	53569
32099	32099
32207	44096
32207	45970
32228	32228
32260	32260
32358	37083
32534	32534
32536	37851
32551	37247
32557	32557
32567	42034
32573	32573
32582	32582
32584	41079
32584	45269
32602	33201
326115	31666
326131	33412
326173	32753
32624	34116
326273	318846
326273	318855
326273	36495
32752	32703
32752	32981
32752	38146
32752	46027
32762	32762
32771	34803
32771	43415
32792	33468
32799	32799
32855	33753
32855	43095
32935	37790
32979	32979
32979	37205
32979	41656
33016	33016
33034	38085
33034	39847
33059	38198
33059	38202
33081	33081
33105	35701
33105	38421
33105	39351
33105	41531
33105	42828
33114	42438
33125	2768670
33125	32387
33125	40800
33125	42512
33125	50296
33203	48973
33214	40451
33226	33226
33232	33279
33240	35266
33262	33262
33295	37536
33319	31580
33319	35878
33346	37387
33392	33392
33392	37149
33458	33458
33458	34505
3346208	33793
3346208	33795
3346227	33793
3346227	33795
33529	33529
3354888	31872
3354888	3354888
3354888	42253
33565	33565
33583	31420
33583	38718
33613	33613
33613	33619
33619	33619
33629	326237
33657	31648
33657	38718
33657	38719
33686	31059
33686	38878
33864	33444
33920	43170
33934	31059
33965	44801
33968	41666
33981	33226
33989	32245
33989	33989
33989	38184
34079	34079
34110	32668
34119	34119
34119	41483
34122	34122
34124	34124
34126	33560
34231	38101
34231	50296
34281	34281
34293	35297
34338	35784
34359	34999
34359	36018
34359	38421
34359	41079
34359	41531
34359	42828
34359	45269
34364	33934
34364	43836
34411	32551
34411	34250
34411	34924
34411	36854
34411	41034
34411	43724
34411	49816
34413	31249
34413	38091
34413	41411
34413	43151
34413	43152
34413	43158
34413	43160
34413	43161
34420	32616
34420	32977
34420	33629
34420	40388
34423	32763
34431	39666
34487	40725
34524	37417
34529	34529
34552	34552
34595	41836
34609	34609
34629	34629
34636	34636
34636	43916
34648	37781
34663	34663
34677	40331
34709	34709
34726	39351
34726	41079
34751	34751
34780	36854
34780	44573
34790	36497
34794	36454
34794	37970
34796	35043
34875	37471
34875	37560
34893	46121
34896	34719
34896	41704
34903	41165
34924	36854
34947	43300
34969	34969
34970	34970
34993	34803
34993	45970
34999	34726
34999	40639
34999	41079
35003	34080
35003	37372
35003	3772012
35003	38229
35003	38693
35007	43323
35034	44289
35047	35047
35051	35051
35070	35070
35151	32616
35151	38916
35184	35147
35190	35190
35195	34873
35196	33712
35197	35197
35227	35227
35261	37560
35288	43415
35292	35292
35306	32522
35381	36461
35438	38170
35478	26067080
35478	36298
35478	37237
35488	35488
35509	37837
35513	35513
35522	37618
35523	35523
35527	43785
35571	42285
35594	35594
35652	35652
35679	31603
35680	31474
35680	33603
35680	44360
35680	44913
35681	35060
35686	34794
35686	36454
35686	37970
35686	41703
35694	38994
35759	42661
35786	37237
35788	35235
35788	35788
35793	41071
35800	35764
35800	35800
35847	37581
35847	39523
35847	42572
35875	36298
35877	44437
35878	35878
35924	42171
35928	48337
35933	35933
35966	35966
36015	37774
36018	34726
36018	34999
36018	41079
36040	36040
36040	43091
36057	36057
36057	3772082
36059	42186
36080	37774
36080	41193
36080	42854
36104	53569
36110	36110
36110	41871
36111	36111
36173	39847
36176	43003
36298	36460
36298	37532
36298	38443
36298	39043
36298	41935
36298	42504
36298	43475
36306	35003
36309	34953
36309	36309
36314	34080
36314	35003
36314	38229
36314	38693
36314	40781
36329	34882
36329	34943
36329	36329
36329	41481
36329	42889
36329	42946
36383	36383
36409	33232
36431	36431
36444	36444
36454	36017
36454	37970
36461	42550
36506	36507
36507	36507
36539	39244
36541	34487
36541	41785
36565	40587
36592	36592
36606	39885
36619	41670
36638	34225
36638	35759
36641	39769
36727	32551
36727	34924
36727	36854
36727	38428
36746	37603
36766	40173
36810	36810
36830	36360
36854	32551
36854	37247
36854	38369
36854	38428
36854	49816
36927	36927
36952	246638
36955	36955
36963	36963
36966	36966
37037	37037
37040	37040
37065	42379
37070	34029
37078	34096
37111	37111
37112	37112
37122	35055
37128	41512
37128	48337
37152	41957
37199	39368
37206	37206
37229	32341
37229	37537
37237	32195
37237	35420
37238	33732
37290	37290
37300	48448
37315	31776
37358	37357
37368	42400
37378	34726
37378	34999
37378	41079
37378	41531
37402	35924
37402	37780
37402	42171
37415	37415
37417	37417
37422	34505
37455	35253
37455	37455
37456	37456
37481	37481
37547	33028
37559	37576
37561	37561
37583	37583
37586	39961
37618	38369
37629	37629
3771877	3771877
3771915	34745
3771968	41566
3772012	38229
3772180	3772180
3772180	38963
3772329	32166
3772662	38844
37733	37733
37744	37744
37780	35924
37781	37781
37785	44703
37790	37790
37850	31221
37850	33814
37894	33738
37894	42802
38021	33840
38076	38076
38091	31397
38135	38135
38146	2768948
38146	35496
38146	39385
38146	43402
38146	43766
38146	43916
38199	33908
38204	32777
38229	37372
38231	38231
38244	31221
38244	33814
38257	38257
38261	38261
38369	38369
38369	38428
38369	43724
38421	34726
38443	37713
38492	32763
38492	34423
38492	34550
38494	33814
38513	38513
38541	39847
38541	40233
38541	40373
38624	38624
38644	31564
38657	33972
38663	38663
38693	37372
38716	33657
38716	38719
38716	41040
38718	38719
38719	31743
38719	38719
38721	39666
38788	38788
3885598	34231
3885598	7354433
38863	31293
38916	39691
38937	39083
38942	44915
38995	35800
38995	38995
38995	43156
39063	39063
39064	39063
39064	39064
39065	39065
39091	31622
39132	39132
39133	37876
39136	33262
39136	39136
39156	42922
39156	44289
39156	48531
39156	49260
39180	31322
39279	40203
39340	34411
39340	42453
39351	40174
39386	37475
39402	39402
39408	37413
39408	38229
39445	39445
39454	36002
39616	41184
39645	39645
39679	39679
39683	39683
39717	39958
39751	39751
39753	39173
39753	39753
39753	40014
39821	39821
39833	35253
39833	39833
39844	40087
39847	38085
39884	36606
39884	39884
39916	44317
39935	43152
39935	43158
40009	39753
40092	53439
40095	31310
40095	31331
40129	43126
40133	40133
40134	32762
40136	40136
40162	38872
40222	40222
40232	35154
40233	33034
40233	37774
40233	39485
40233	39847
40233	40373
40233	42854
40358	31848
40358	40358
40370	33657
40370	38072
40373	33034
40375	31267
40375	38719
40384	34803
40384	36854
40384	38369
40384	40384
40384	49816
40388	35151
40436	44258
40462	41718
40506	42579
40515	37789
40554	43283
40558	40558
40599	36730
40605	41165
40617	47757
40624	39881
40639	41079
40643	32104
40668	40668
40678	42048
40679	34997
40679	42341
40689	40690
40709	32973
40709	40709
40739	40739
40781	38693
40795	33657
40795	38719
40795	40795
40800	42512
40800	43417
40813	42954
40830	39405
40831	40831
40832	40830
40833	32567
40834	40045
40848	31293
40863	40863
40916	40916
40940	40940
40973	31603
40973	41296
40975	43152
40975	43156
40998	32871
41020	44801
41040	41040
41042	38718
41042	38719
41054	48572
41066	41066
41084	41988
41117	41117
41138	41138
41140	31221
41140	33814
41153	33034
41168	34709
41168	41168
41179	326237
41182	41182
41231	41231
41273	32567
41288	3354977
41296	31449
41364	38230
41365	46121
41381	33795
41381	50296
41445	38719
41445	41040
41503	41503
41512	48337
41531	34726
41531	34999
41531	36018
41531	36951
41531	38421
41531	40639
41531	41079
41531	42828
41531	45269
41602	41602
41675	41014
41699	33631
41703	34794
41703	36454
41703	37970
41737	41737
41747	35184
41768	35445
41785	326237
41785	34777
41785	40725
41801	39157
41802	39317
41831	31265
41831	41040
41831	41041
41836	41836
41836	48071
41840	34433
41840	39518
41848	41848
41848	49228
41852	41852
41860	41860
41880	32158
41880	41880
41880	53472
41911	53428
41935	32996
41957	34803
41957	49816
41995	38146
42034	33208
42077	42077
42082	41657
42086	43300
42103	42103
42106	42106
42143	38719
42144	39428
42186	42186
42199	42199
42242	37556
42242	37943
42273	42273
42284	42284
42305	42305
42313	35170
42379	42379
42391	33657
42413	33657
42435	37237
42438	32646
42453	32551
42453	3354888
42453	34250
42453	34924
42453	36854
42453	37247
42453	38428
42453	41034
42453	43724
42453	49816
42467	42467
42481	42481
42499	42499
42503	42503
42512	33793
42512	33795
42512	34231
42512	39180
42512	50296
42528	42528
42541	39405
42553	43278
42567	36854
42634	40165
42634	43651
42647	40176
42647	46121
42661	42000
42661	42661
42707	42512
42707	42707
42737	33972
42737	42737
42802	40717
42828	34726
42828	35701
42828	36040
42828	38421
42828	39351
42828	40174
42835	31842
42848	38811
42852	39518
42854	36015
42854	37774
42854	39847
42854	41193
42854	42854
42855	32977
42855	35151
42922	44748
43003	35343
43087	43087
43117	37673
43126	39978
43150	43150
43151	43150
43151	43151
43152	43150
43152	43151
43152	43152
43156	43150
43156	43151
43156	43152
43156	43156
43158	43150
43158	43151
43158	43152
43158	43156
43158	43158
43158	43160
43158	43161
43160	31397
43160	40975
43160	43150
43160	43151
43160	43152
43160	43161
43161	38995
43161	43150
43161	43151
43161	43152
43166	33641
43166	38136
43183	43183
43222	43222
43222	43256
43236	38055
43256	43256
43283	43283
43284	31048
43284	42822
43293	35402
43300	42082
43318	41533
43319	41203
43331	40987
43385	41138
43415	38032
43415	43415
43428	42453
43437	31406
43437	43437
43456	43456
43469	43469
43504	43504
43514	39173
43514	39753
43514	43514
43515	36252
43517	43517
43555	43555
43560	43559
43560	43560
43566	41165
43577	43577
43587	37981
43637	39132
43652	43652
43670	44913
43670	47878
43727	41042
43739	43739
43791	43718
43797	43797
4379844	3346206
4379854	41575
4379854	41583
43812	40835
43819	34709
43819	43819
43823	38931
43823	40506
43828	42567
43839	33835
43839	45525
43862	44258
43867	36057
43873	43873
44097	36703
44160	36963
44160	42199
44289	40032
44289	44748
44307	45247
44317	43670
44339	42594
44522	36746
44548	44548
44573	36854
44703	38379
44703	44703
44801	36854
44801	42064
44817	32753
44819	36015
44855	44703
44879	44879
44913	43828
44920	34433
44920	39518
45269	34999
45269	40639
45269	41079
45525	33569
45525	33686
45525	33934
45525	43836
45525	45525
45821	39443
45827	36409
45871	32106
45871	45871
46015	33619
46035	39251
46058	37683
46194	42646
46415	44965
47408	39881
47594	32752
47878	32624
47998	47998
48317	44703
48317	48317
48339	48337
48448	2768852
48448	32132
48448	42453
48448	43428
48531	44748
48973	31221
48973	35085
48973	36497
48973	38677
48973	3885637
48973	48973
49260	35034
49260	44748
49701	49701
49805	49804
49816	33798
49816	40385
49816	42126
50070	33732
50149	31332
50149	41136
50149	43319
50296	31322
50320	5740816
50428	39306
53428	38516
53428	43529
53566	53566
53569	37355
53578	32768
5740252	39366
59239	33657
59239	38719
59239	41040
59239	41041
59240	59240
7354433	31702
7354433	38101
7354433	42512
7354433	50296
