1000	1499
10003	10003
10004	10004
10006	10580
10006	10787
10007	10007
10009	10009
100128327	122553
100128327	126003
100128327	51399
100128327	58485
10013	10013
100134934	79991
10015	10015
10015	128866
10015	29082
10015	92421
10016	10015
10016	10016
10016	1612
10016	22872
10016	553115
100	1803
10018	10017
10018	4170
10018	581
10018	596
10018	597
10018	598
10018	599
10020	10020
10021	10021
10022	10022
100271849	100271849
100271849	23523
100289462	100289462
1003	1499
10043	10040
10043	10043
100431172	387836
100526739	100526739
100526767	100526767
10052	7082
100528032	100507436
100528032	100528032
100528032	79465
100532731	100532731
100532731	10336
100532731	6015
100532731	6045
100532731	7323
100532731	84108
100532736	100532736
10055	10054
10056	10056
10056	2193
10059	10059
10062	10062
10062	10499
10062	8202
10062	8431
10062	8648
10063	131474
10073	3837
10075	10477
10084	10907
10085	10085
10087	10087
100913187	100913187
10092	10093
10092	10097
10093	10096
10093	10097
10093	57180
10093	81873
10094	57180
10095	10092
10095	10093
10095	10097
10095	10109
10095	57180
10096	10097
10097	57180
10	10
10107	10107
10109	10093
10109	10096
10109	57180
10125	10125
10126	140735
10127	284312
10127	51282
10130	10130
10131	10131
10133	10133
10133	81631
10133	84557
10134	10134
10135	10135
10137	10137
10139	9267
10140	29883
10146	10146
10152	10152
10152	10787
10154	10154
10154	8482
10155	10155
10159	10159
10165	10165
1017	1017
1017	1021
1017	1022
1017	1026
1017	1027
1017	1033
1017	1163
1017	225689
10174	10174
10174	25
10174	51517
10174	868
1017	65061
1017	8900
1017	894
1017	902
1017	990
1018	1033
10188	10188
10188	122809
10189	10189
1019	1022
1019	1026
1019	1027
1019	1029
1019	1030
1019	1031
1019	1032
1019	23253
10193	10193
1019	595
10196	10196
10197	10197
1019	896
1019	990
1020	1020
1020	22983
10204	10204
10204	5901
10205	196264
10206	10206
10207	10207
1020	8851
1020	91768
10210	51619
1021	1021
10211	2319
10212	10212
1021	22974
1021	23253
10212	7919
10213	10213
10213	5700
10213	5701
10213	5707
10213	5713
1021	990
10220	93
1022	23097
1022	6732
1022	6733
10228	63908
10228	6810
10228	738
1022	902
1024	1025
10241	10241
10241	23710
10243	10243
10247	10247
1025	27125
10253	867
10254	10152
10254	3937
10254	6233
10254	63898
10254	7316
1026	1020
1026	1021
10262	5936
10263	10263
10266	10203
10266	10266
10266	133
10267	10203
10267	10267
1026	8900
10269	10269
10269	4000
1027	1020
1027	1021
1027	1163
10272	3624
102724560	102724560
102724560	5571
102724652	102724652
102724652	1410
102724652	3315
10276	10276
1027	6502
10277	7322
10277	7323
10278	10044
10278	10152
10278	10174
10278	8470
1027	8900
10278	9564
102800317	102800317
102800317	120892
102800317	25865
102800317	57551
102800317	8900
10282	10802
10282	6810
10290	10290
1029	1021
10291	84749
10294	55466
10298	10298
10298	5881
10298	6732
10298	6733
10298	79705
10298	998
1030	1021
10307	334
10307	351
103	103
1031	1021
1031	1031
10320	10320
10320	147687
10320	22806
10320	51545
10320	64375
10320	64376
1032	1021
10325	58528
10325	64121
10332	10332
10333	10333
10336	54880
10336	6045
10336	63035
10360	10361
10361	10361
10367	10367
10376	10381
10384	10384
10389	10389
103910	1613
103910	4629
10392	10392
10395	7145
10398	4627
10399	10399
10403	147841
10403	83540
10411	5906
10411	5908
10413	23559
10413	4086
10413	7004
10413	7532
10413	8463
10417	10417
10418	10418
10419	10419
10419	121504
10419	79084
10421	10907
10421	914
10434	10434
10435	23433
10435	998
10449	10449
10450	10450
10454	10454
10454	1432
10454	5600
10455	10455
10458	10458
10461	2621
10465	10465
1046	5307
10468	10468
10475	10475
10477	26001
10477	26994
10477	27246
10477	51255
10477	55743
10477	57484
10477	6045
10477	79594
1048	1048
10481	60529
10482	10482
10482	29107
10483	10483
1048	4680
10486	10486
1048	634
10487	10487
10488	10488
10488	148327
10488	3725
10490	9482
10492	22827
10494	11235
10494	51719
10494	8428
10497	22999
10497	8448
10498	10498
10499	10499
10499	2100
10507	10507
1051	1051
10516	10516
10519	10519
1052	1053
10521	10521
10533	10533
10533	11345
10533	23710
10535	79621
10535	84153
10537	5710
10537	65264
10539	10539
10539	51027
10542	10542
10549	10549
10551	10551
10552	57180
10553	10553
10564	10565
10566	5576
10570	1808
1058	1058
1058	121504
1058	3020
1058	55355
10588	10588
10589	10589
10589	54107
1059	1059
10591	10591
10592	10051
10594	10594
10598	3320
10603	10603
10603	2064
10603	3643
10603	4233
10603	4914
10606	10606
10608	6945
10612	10612
10614	10614
10617	100526767
10617	10617
10617	7316
1062	1062
10628	10628
10628	64750
10630	51266
10636	2770
10636	2771
10636	2773
10642	10642
10642	22827
10653	5646
10656	10656
10656	10657
10656	202559
10657	10657
10658	10658
10658	22913
1066	1066
10666	5819
10670	58528
10670	64121
10671	10671
10673	10673
10681	2788
106821730	106821730
1069	7508
10713	10713
1072	1072
1072	1073
10721	10721
10725	10725
1072	60
1072	71
1073	1073
10733	10733
10733	22995
10733	7006
10747	10747
10747	720
10749	10749
1075	1075
10753	10753
10766	29883
10766	9337
10768	10768
10769	10769
10771	10771
10772	2521
10772	6426
10772	6429
10772	6434
10773	10773
10773	112939
10773	57684
10783	106821730
10791	6804
10791	6810
10791	9342
10793	221833
1080	1080
10802	10484
1080	2316
1080	57120
1081	1081
10811	124056
1081	2488
1081	2492
10815	6844
10817	2260
10817	238
10846	10846
10848	10848
10848	8626
10856	10856
10856	8607
10859	10859
10868	10868
10869	10869
10869	23386
10869	6477
10884	63875
1088	4680
10892	10892
10898	10898
10901	10901
10912	10912
10915	10915
10915	5347
10919	10919
10920	50813
10920	8533
10921	22827
10921	22985
10923	10923
10927	10927
10930	10930
10933	10933
10938	10938
10938	30845
10943	10943
10946	10291
10949	1153
10951	10951
10951	151648
10951	56946
10961	10961
10971	10971
10971	51305
10971	7531
10971	9759
10980	10920
10980	10980
10980	10987
10980	50813
10980	51138
10980	64708
10980	8533
10981	84079
10982	10982
10982	22919
10982	22924
10987	10920
10987	10987
10987	50813
10987	51138
10987	64708
11004	11004
11005	25818
11005	43847
11006	11006
11020	51668
1102	1102
11021	163486
11027	11027
11030	11030
11033	23303
11034	1073
11034	71
11035	11035
1104	1104
11043	11043
1104	5901
11047	51377
1105	1105
11051	11051
11051	11052
11051	29896
11051	79869
1105	8350
11060	11060
11060	4087
11060	4088
11060	4092
11060	57561
11060	7314
11065	11065
11065	29882
1107	10155
1107	1107
11072	11072
11073	11073
11073	83990
11074	11074
11091	23067
11091	284058
11091	4297
11091	54934
11091	58508
11091	5929
11091	8350
11091	9757
11093	11093
11100	11100
1111	1111
11112	11112
11113	387
11113	388
11113	389
11116	11116
11117	11117
11118	11118
11119	11119
11122	11122
11122	5798
11135	57381
11141	11141
11144	11144
11145	11145
11153	11153
11156	11156
11157	23658
11157	51690
11157	57819
11157	6633
1116	1116
11162	11162
11164	11164
11168	4297
11176	11176
11186	11186
11188	11188
1119	1119
11197	11197
11200	11200
11200	5347
11200	6732
11201	11201
1120	1120
1121	5875
11216	11216
11216	5174
11216	5573
1121	7879
11219	11219
11222	28998
11222	54148
11222	63875
11222	64983
11222	9801
11232	11232
11235	11235
11235	51765
11235	8428
112398	2034
112401	112401
11240	11240
112401	51619
112401	56616
11244	11244
11244	22882
112483	112483
11252	11252
11267	84313
11274	11274
112744	112744
11275	11275
11275	112939
112755	6844
11275	59349
11275	65266
11275	8452
112802	125115
112817	112817
11285	11285
112869	112869
112939	112939
11314	11314
113146	113146
11315	11315
11316	1314
11329	55233
11330	11330
11332	11332
11335	10919
11335	11335
11335	151648
11337	10533
11337	11337
11337	23001
11337	4077
11337	811
11337	89890
11338	102724594
11338	11338
11338	5936
11338	7536
11338	9295
11340	56915
1134	1134
11342	10477
11342	51619
11342	7321
11342	7322
11342	7323
11342	7324
11342	7334
11343	11343
11345	10241
11345	23001
11345	4077
11345	57658
11345	89890
1136	1136
113675	113675
113878	113878
114088	114088
1141	1137
114548	114548
114548	29108
114609	114609
1147	1027
1147	1147
1147	207
1147	4215
1147	5579
114757	114757
1147	6732
114771	114771
1147	8517
1147	9020
114799	114799
114836	114836
114902	114902
115004	115004
115201	115201
115201	81631
1152	1152
115362	115362
115426	115426
115426	51619
115548	115548
115650	10673
1158	1158
115817	115817
1159	1159
116028	80010
116092	116092
1161	1642
116	117
1163	1018
1163	1163
1163	6502
116379	50616
1164	1164
116442	27352
116449	8503
116461	116461
116540	55168
116987	116987
117144	117144
117144	8911
117145	117145
117155	8911
117157	6775
117159	117159
117177	117177
117579	10022
117579	117579
117581	6938
1178	1178
117854	117854
117854	85363
1184	1184
118429	118429
118460	11340
118460	51013
1187	1187
118881	118881
1192	1192
119391	119391
1195	6732
1196	1196
1196	1198
1196	6733
1198	1198
1198	6733
1200	1200
1207	11157
1207	6632
1207	6634
1207	6636
1207	6637
1208	5406
120892	106821730
120892	120892
120892	1456
120892	2872
120892	28951
120892	4750
120892	53944
120892	57118
120892	6456
120892	65975
120892	6795
120892	83931
12	12
121504	126961
121504	1387
121504	1616
121504	2186
121504	255626
121504	25842
121504	26013
121504	29028
121504	3020
121504	387893
121504	55355
121504	5931
121504	7158
121504	8110
121504	8290
121504	8350
121504	84717
121504	94239
1215	1215
121549	6938
122553	122553
122809	8503
122970	122970
123169	123169
123283	6897
1234	7852
12	354
123722	4606
123722	63898
123876	123876
123879	140739
124056	124056
124	124
124220	124220
124404	1731
124583	124583
124590	10083
124790	124790
124995	116540
124995	54948
124995	55168
124995	65003
124995	78988
125	125
1261	1261
126	126
126375	126375
126375	25888
126375	79797
126393	126393
126393	26353
1268	135
126961	10927
126961	126961
126961	25842
126961	29128
126961	54737
126961	83903
1270	1270
127	127
1277	1277
1277	2335
1281	1281
128	128
1281	6678
128178	10913
1282	1282
1282	1284
128387	128387
1284	1284
128637	81876
128674	128674
128866	128866
129401	129401
129446	10529
129446	4703
129450	129450
129531	129531
129531	5119
1300	1300
130013	130013
130557	130557
130557	55734
1306	1306
130916	130916
130916	387338
131	131
1312	1312
1315	22818
131870	131870
132	132
1326	5604
132954	132954
133	10203
134526	134526
134637	134637
135	134
135	135
135152	135152
1356	4353
135892	135892
136227	136227
1371	1371
1373	1373
137492	7251
1380	1380
1382	1382
138474	138474
1385	1387
1385	2033
1385	22926
1386	1386
1386	1432
1386	3661
1386	3726
1386	5595
1386	5599
1386	5600
1386	5601
1386	5602
1387	8202
1392	104909134
1398	10006
1398	116449
1398	3927
1398	50807
1398	660
1398	7159
1398	84941
1398	8503
1398	85358
1398	9047
1398	9564
1399	10006
1399	1399
1399	23371
1399	5781
1400	1400
1400	1808
1400	1809
1401	1401
1401	2212
1401	2213
140462	55662
140465	4644
140465	53340
140576	140576
140576	57402
140609	10783
1406	84839
140691	140691
140735	140735
140807	125115
140838	140838
140885	140885
140885	961
1410	1410
1410	26353
1410	3315
1410	3316
1411	1411
1411	1414
1411	1415
1411	1417
1412	1414
1413	1413
1413	1414
1414	1414
1415	1412
1415	1413
1415	1415
1417	1412
1417	1417
1420	1415
1420	1420
1421	1421
142	142
1427	1427
1428	1428
1429	1429
143098	143098
1432	106821730
1432	11221
1432	1432
1432	2872
143241	84661
1432	6732
1432	7867
1432	80824
1432	8550
1432	8569
1435	1435
1436	1436
1436	146433
1436	3635
1437	1437
1437	1438
1437	1439
1438	1439
1439	1439
1440	1440
1440	1441
144455	144455
1452	120892
1452	25865
1452	8737
1453	120892
1453	1453
1453	8900
145482	145482
1455	120892
1457	1457
1457	25959
1457	728642
1459	1457
1459	1459
1459	1460
1459	55872
1460	1457
1460	1460
1460	23552
146433	146433
146434	146434
146956	80198
147111	147111
1471	1471
1474	5641
1475	1475
1475	1508
1475	1514
1476	1476
147687	653121
147687	84914
147700	147700
147841	57405
147945	147945
148362	128866
148362	148362
148362	51510
148479	148479
148581	10293
148581	11236
148581	64320
1487	1487
1488	1487
1488	1488
149041	149041
1491	1491
1493	1173
1493	1493
1493	941
1493	942
1495	1495
1495	1499
1499	1499
1499	23291
1499	2516
1499	29119
1499	51176
1499	56998
1499	6932
1499	6934
1499	8945
1500	1000
1500	999
1503	1503
1508	1508
1509	1509
150921	6938
1510	1510
1513	1513
1514	1514
1515	1475
151531	151531
151636	151636
151888	8764
152006	51619
1520	1520
152098	152098
152138	147945
152138	22861
152138	55655
1522	1522
152404	152404
152503	26751
152503	6455
1525	120425
1525	1525
1535	653361
154	154
154	3360
1548	1548
1555	1555
1558	1558
156	1460
156	2782
156	28964
1565	1565
1571	1571
1576	1576
157855	157855
1581	1581
158	158
158158	158158
1583	2230
1585	1585
159	159
1595	1595
1601	4646
1604	1604
1610	1610
1612	120892
1612	1612
1612	79705
1612	801
1612	8772
1613	1613
1615	1615
1616	1616
162	1173
162	130340
1622	1622
162417	162417
162	8907
162968	162968
1630	4651
163071	163071
163	10053
163	1173
163	163
1632	1632
163	26119
1633	1633
1635	1635
163	8907
1639	1639
1639	22919
1639	22924
1641	1641
164	1174
164	164
1642	1643
1642	23038
1642	25853
1642	26094
1642	50717
1642	51185
1642	55827
1642	5931
1642	8816
1644	1644
1645	1645
1646	1646
164	8905
1649	1053
1649	1054
1652	1652
1654	1655
1654	23586
1655	10521
1655	1655
1656	1656
165631	165631
1656	80153
1659	1659
1660	1660
166	166
166379	79738
166379	8195
1666	1666
1667	1667
166785	166785
166793	653121
1668	1668
1670	1670
1671	1671
1672	1672
1675	1675
1675	629
1676	1676
1676	1677
1678	26517
167826	6938
169522	3754
170482	170482
170850	3754
170850	9312
171483	171483
171558	171558
1716	1716
1719	1719
1723	1723
1725	1725
1728	1728
1729	1729
1729	387
1729	388
1729	389
1729	54509
1730	998
1731	1731
1731	5413
1737	5162
1737	5165
1738	1629
1738	1738
1739	1739
1739	50807
1741	1741
1742	1742
175	175
1756	1605
1756	1756
1759	1759
1760	1760
1761	1761
177	177
177	6284
1780	140735
1780	199731
1780	6990
1780	6993
1780	8655
1785	1759
1786	7874
1788	1788
1789	29947
1793	1793
1793	9844
1794	1794
1800	1800
1803	1803
1804	1804
1807	1807
1808	1808
1808	56896
1809	1808
1809	1809
1810	10589
1810	4802
1810	54107
1813	1813
1813	23413
183	1636
1832	1832
183	290
1839	573
1841	1841
1845	1845
1846	1846
1847	1847
1854	1854
1855	1855
1855	1857
1856	1856
1856	50855
1856	8312
1856	85458
1859	1859
1859	286204
1869	1869
1869	1870
1869	5934
1869	7027
1869	7029
1871	5925
1876	7027
1876	7029
1879	1879
1890	1890
1891	1891
189	189
1892	1892
1894	1894
189	5830
1896	1896
190	2104
190	2494
190	2516
1906	1906
1911	1912
1911	51460
191	191
1912	1912
1912	22955
1912	51460
1912	84456
1915	56893
192111	192111
19	26154
1933	1917
1936	1917
1937	1937
1942	1969
1942	2043
1943	2043
1945	2043
1945	2045
1946	2043
1946	2045
1948	2043
1948	2050
1949	1949
1950	1950
1956	1445
1956	1950
1956	1956
1956	2064
1956	2065
1956	2242
1956	2268
1956	23294
1956	2335
1956	23624
1956	2444
1956	25759
1956	27
1956	3055
1956	3084
1956	3667
1956	3702
1956	399694
1956	4067
1956	4233
1956	4915
1956	4919
1956	5156
1956	53358
1956	54206
1956	5581
1956	56899
1956	5747
1956	5753
1956	5894
1956	5979
1956	640
1956	6464
1956	64759
1956	660
1956	6714
1956	6850
1956	7039
1956	7525
1956	7535
1956	7786
1956	84951
1956	867
1956	868
1956	9047
196051	196051
196383	196383
196403	10477
196403	51619
196403	7325
196513	55802
1965	1965
196541	196541
1965	5610
1967	1967
1969	1946
1969	1969
1969	2045
1969	5747
197259	11035
1973	1981
1973	1982
1973	27250
197370	56160
197370	64110
1974	1974
1974	27250
1974	57062
1977	1977
1977	1978
1977	1979
1977	1981
1981	1974
1982	1974
1982	1982
1991	1991
1991	566
1994	1994
1999	26298
200186	200186
2002	2002
200845	200845
2009	2009
200933	6500
2011	2011
2011	57551
201163	201163
2011	65018
201176	201176
201254	100526739
201254	201254
201254	57697
201475	201475
201516	201516
201633	201633
201633	25945
201633	5819
201633	81607
2016	60529
2017	2017
2017	50807
2023	2023
202333	202333
202559	202559
2026	2026
2027	2027
203	203
203286	124401
2033	10370
2033	10499
2033	163732
2033	2033
2033	3091
2033	8202
2033	8648
2034	112399
2034	54583
2034	9915
203611	203611
2041	2041
2042	1946
2042	2045
2042	6732
2043	1949
2043	2043
2047	2886
2048	2048
205	205
2053	2053
2054	6844
2054	9341
2056	2057
2057	2057
2057	5787
2058	2058
2059	2059
2060	163
2060	85439
2063	5916
2063	6256
2063	7026
2064	10019
2064	1123
2064	1398
2064	1399
2064	2064
2064	2065
2064	2066
2064	2185
2064	2241
2064	2268
2064	23294
2064	23371
2064	2534
2064	25759
2064	26191
2064	26469
2064	27
2064	2886
2064	3084
2064	3702
2064	3716
2064	4145
2064	5295
2064	53358
2064	54206
2064	55914
2064	56899
2064	5747
2064	5753
2064	5781
2064	5782
2064	5787
2064	5795
2064	640
2064	6464
2064	64759
2064	660
2064	6714
2064	685
2064	6850
2064	7006
2064	7294
2064	8503
2064	9047
2065	2065
2065	2066
2065	23371
2065	27
2065	3084
2065	3702
2065	3718
2065	5753
2065	64759
2065	6850
2065	7294
2065	7535
2065	84951
2066	2066
2066	23294
2066	56899
2067	2067
2067	2072
2067	7507
207	1027
207	120892
207	1432
207	207
2072	2072
207	2932
2074	2074
207	5058
207	55294
207	5586
207	5590
207	6789
207	6794
2078	2078
2078	2114
2079	2079
207	9261
2081	2081
208	120892
2081	4217
2081	51347
2081	6733
208	208
208	2932
2098	2098
2099	10499
2099	2099
2099	2100
2099	2810
2099	4637
2099	5241
2099	56950
2099	57727
2099	7025
2099	7067
2099	7181
2099	80854
2099	8202
2099	8204
2099	8431
2099	8648
2099	9612
2099	9971
2100	10891
2100	2100
2100	8202
2101	10891
2101	190
2101	2101
2101	2104
2101	8202
2101	8204
2101	8431
2101	8648
210	210
2104	10891
2104	2104
2104	8431
2104	8648
2107	23708
2108	2109
211	211
2113	2113
2113	5079
2115	2115
2118	2118
2120	2120
2120	2313
2122	2122
2130	11052
213	213
213	2217
213	567
2139	6495
2147	2147
2147	2149
2147	2153
2147	2243
2147	2244
2147	2266
2147	2811
2147	3053
2147	462
2147	5104
2147	5270
2147	5624
2147	7056
2147	9002
215	215
2152	2152
215	225
2153	2153
2155	2152
2155	2155
2157	2157
2158	2158
2158	462
2159	2159
2159	462
2160	2160
2160	351
216	216
216	217
2162	2162
2171	2171
217	217
2177	55215
218	218
2185	2185
2186	126961
2186	2186
2191	2191
2193	2193
2194	2194
2194	60496
219699	4756
219927	28998
219927	29088
219927	55052
219927	55168
219927	65080
219927	84545
219931	219931
219931	53373
2	2
2200	10516
2200	2199
2200	2200
2200	2201
2201	2201
220213	220213
2203	2203
2205	2205
2208	2208
221120	221120
221150	220134
221150	221150
221150	348235
2212	2212
2214	2209
221443	221443
221656	221656
2217	567
221833	162655
2219	2219
2220	2220
2222	2222
2224	2224
222484	222484
222484	84708
2230	2230
2235	2235
2241	1398
2241	2065
2241	5295
2241	8503
2242	2242
224	224
2242	3815
2242	4233
2242	84941
2243	2243
2243	2244
2243	2266
2243	5653
2244	2244
2244	2266
2246	2246
2246	2260
2246	2261
2246	2263
2246	2264
2246	6284
2246	6857
2247	2260
2247	2263
2248	2263
2250	2263
2250	2264
2252	2263
225	225
2254	2254
2255	2263
2257	6331
2258	6326
2258	6334
2260	10818
2260	2043
2260	2065
2260	2253
2260	2260
2260	5335
2261	2043
2261	2253
2261	2261
226	226
226	230
2263	2043
2263	2253
2263	2263
2263	54206
2264	2264
2266	2266
2266	3674
2266	3690
2268	10006
2268	3815
2268	6850
2271	2271
2272	2272
2277	2277
22794	4116
22794	9775
22800	9610
2280	2280
2280	5530
2280	5534
22806	22806
22808	4301
22808	5900
2280	90
22818	22820
2281	90
22827	10644
22827	22827
22836	22836
22841	22841
22841	84440
22861	22861
22861	29108
22861	64127
22876	22876
22882	22882
2288	2288
2289	2289
22900	22900
22909	22909
22916	4686
22916	9641
22919	22919
22919	22924
229	229
22926	1388
22926	22926
22929	22929
22933	22933
22934	22934
22949	22949
22950	22950
22954	22954
22955	22955
22974	22974
22977	22977
22978	22978
22983	22983
23001	23710
23001	81631
23002	23002
23011	23011
23013	9612
23016	118460
23016	54512
23019	1656
23019	29883
23019	340719
23019	4848
23019	4849
23019	7538
23019	9125
23019	9337
23020	10594
230	230
23028	23186
23028	283248
23028	3642
23028	55758
23028	6615
23028	8290
23028	8350
23030	121504
23030	8350
23031	23031
23031	5728
23032	23032
23048	23048
23051	11244
23051	22882
23051	23051
23062	23062
23070	23070
23071	23071
23081	23081
2309	1387
2309	2305
23099	147687
23099	23099
23114	1398
23114	23114
23114	25
23114	4690
23119	23119
2312	2312
231	231
23125	801
23129	23129
23133	23133
23139	27148
23157	10801
23157	124404
23157	1731
23157	4735
23157	5413
23157	55964
23157	989
2316	2316
23163	23163
2316	3695
2316	54751
23168	23168
23171	23171
2317	2316
2317	2317
2317	2811
2317	3688
2317	3690
2317	3694
2317	54751
23176	23176
23176	5413
23178	23178
2318	2318
2318	54751
23191	10152
23191	10787
23191	55845
23191	8936
23210	23210
2321	2321
2321	5228
2321	5335
2321	5747
2321	7423
23221	23221
2322	2322
2322	2323
23224	25777
2322	6850
2323	2323
23239	23513
2324	2324
23243	10919
23243	22852
23243	23243
23243	287
23243	4853
23243	4854
23243	51479
23243	55075
23243	57182
23243	602
2324	3791
23243	80351
23243	8658
2324	7424
23248	23248
23252	23252
23261	23261
23263	387
23263	998
23275	23275
23286	23286
23293	23293
23309	4084
23322	23322
2332	2332
23326	23326
23327	23327
23344	23344
23345	23345
23345	25777
23348	23348
2335	2099
2335	2335
2335	2534
2335	2885
23353	23224
23353	23345
23353	23353
2335	3685
2335	3690
2335	3934
2335	5781
23363	7273
23371	10395
23380	23380
23380	5879
23380	653464
23382	23382
23390	116442
23390	126626
23390	23390
23390	57182
2339	100529261
23404	23016
23404	54512
23405	23405
23408	23408
23410	23410
23410	84532
23411	23411
23417	23417
23418	64398
23424	23424
23429	6045
23431	10717
23431	11154
23433	10602
23433	23433
23433	5058
23433	7454
23433	84612
23435	23435
23451	11338
23451	22827
23451	51639
23451	84991
23451	9584
23456	23456
2346	2346
23466	3020
23466	8350
23468	151648
23468	1788
23468	23468
23468	3020
23468	79723
23468	8350
23474	23474
23475	23475
23476	121504
23476	23476
23476	5970
23476	7291
23492	126961
23492	3020
23492	57332
23492	6015
23492	6045
23492	8350
23495	10673
23513	9414
23515	23515
23530	23530
2353	10538
2353	1386
2353	3725
2353	3726
2353	3727
2353	4773
2353	9586
23542	6453
23543	1993
23543	3182
23543	3185
23543	54715
23543	66037
2355	3726
2355	9586
23569	23569
23586	23586
23586	57506
23586	7311
23586	7316
23587	26610
23589	23589
23593	23593
23604	23604
23621	23621
23621	26088
23623	23623
23624	23624
23633	10762
23636	53371
23645	5499
23647	23647
23647	377
23647	381
23647	382
23647	5879
23654	23654
23654	4233
23654	4486
23677	23677
23705	23136
23759	23759
23765	112744
23768	23768
23768	23769
238	238
239	239
2395	2395
241	241
24139	24139
242	59344
2444	10006
245806	7005
246329	246329
247	247
2475	2280
2475	2288
2475	2289
2475	64223
2488	2488
2488	2492
2494	10499
2494	1499
2494	2494
2494	8202
2494	8204
2494	8431
2494	8648
2495	2495
250	250
25	10006
25	120892
2512	2495
2512	2512
25	126669
25	1398
25	1399
2516	10499
2516	10891
2516	2516
2516	8648
25	1956
25	2064
25	2065
25	2066
2521	2521
2521	3842
25	23607
25	23616
25	25
25	2534
25	2885
252995	252995
2530	2530
25	3055
253175	253175
2533	25
2533	4690
2534	10006
2534	23607
2534	2534
2534	27
2534	3937
2534	50807
2534	51517
2534	5295
2534	5580
2534	55824
2534	5588
2534	5747
2534	6452
2534	65268
2534	7409
2534	7410
2534	8503
2534	9564
253738	253738
25	3815
2539	2539
253980	253980
25	4690
2547	7520
25	50807
25	51517
25	5295
2553	23390
25	5335
25	55824
25	56961
255738	255738
25	5775
2562	2562
256281	256281
25	65268
25	6714
2571	2571
257194	257194
257194	50863
2572	2572
257364	257364
257364	51429
25	7409
25777	25777
25788	25788
25793	25793
25797	25797
25801	25801
25801	6717
2580	2580
2580	3312
2580	79705
25820	25820
2582	2582
25824	25824
25825	25825
25828	25828
25839	25839
2584	2584
25851	9474
25855	25855
25870	25870
2588	2588
25885	84172
2590	2590
2590	3491
259197	259197
259197	374383
259	259
25930	25930
25939	25939
25939	9730
25945	25945
259	5646
25959	25959
2596	801
2597	2597
25974	25974
26001	51619
26003	26003
26013	26013
26027	26027
260434	29108
26052	26052
26060	26060
26061	26061
26063	26063
26086	26086
26088	26088
26121	26121
26136	10881
26157	26157
2617	2617
2618	2618
26225	26225
262	262
26227	26227
26229	26229
26249	26249
26	26
26272	26272
26278	26278
26281	26281
2628	2628
26289	26289
26292	26292
2629	2629
26330	26330
2633	2633
26353	26353
2638	58
2639	2639
2641	2641
2641	2696
2641	2740
2641	3416
2643	2643
2644	2643
2645	2646
2648	2648
2649	8648
26504	26504
26519	26520
26521	26517
26578	26578
2658	2658
26589	64976
2660	2660
2660	93
2664	5861
2668	2668
2669	2669
2670	2670
2670	3866
2671	2671
2672	11107
2673	2673
267	51619
2676	9048
2678	2678
2683	2683
2688	2688
2688	2690
2688	5618
2690	2690
2690	5796
2692	2692
2695	2696
26960	26960
26986	10605
26986	10766
26986	113251
26986	1981
26986	23185
26986	23708
26986	26986
26986	51247
26986	57690
26986	5936
26986	6311
26999	51225
27005	10868
27005	27005
27010	27010
27033	27033
27034	27034
27044	27044
27044	92140
2706	2706
27071	27071
27087	27087
27095	122553
27095	126003
27095	27095
27095	58485
27095	79090
27	10006
27101	27101
27111	27111
27	120892
271	271
27129	26353
27	1398
27141	27141
27165	27165
2717	2717
27183	25978
27183	27183
27	2017
2720	2720
27	2066
27229	27229
27232	27232
27233	27233
27236	377
27242	27242
27242	8717
27257	11157
27257	25804
27257	27258
27257	57819
27258	11157
27258	23658
27258	51690
27258	57819
27258	6632
27258	6634
27258	84967
27	27
27284	27284
27284	6822
27287	27287
27	2885
27289	27289
27292	27292
27295	27295
27306	27306
27316	55110
27316	6434
273	273
27335	27335
27335	51386
27338	27338
27339	27339
27342	23011
27342	27342
27347	51719
273	50618
2735	51684
2737	51684
2739	2739
2741	2741
274	274
27429	27429
27	4294
27430	27430
27436	27436
2744	2744
274	4609
274	51411
2746	2746
2747	2747
2752	2752
275	275
2760	2760
2762	2762
276	276
2766	2766
2770	26575
2770	2770
2770	5996
2770	63940
2771	10287
2771	2782
2771	29899
2771	63940
2773	26575
2773	5997
2773	63940
2773	85397
2775	5148
2775	5149
2775	5996
2778	108
2778	2778
2779	9094
2781	2781
2782	2787
2782	2792
2783	2792
2784	2792
27	8503
27	9322
2800	2800
2803	2803
2805	2805
2810	10413
2810	2810
2810	353238
2810	51305
2810	9759
2811	2316
2811	2318
2	81792
2819	2819
2821	2821
282617	282617
282618	163702
28	28
283	283
283349	283349
283518	283518
283	6050
284252	284252
284	284
284312	23660
284312	252884
284312	284312
284486	284486
284654	54894
284654	55366
284654	84133
285	285
285381	26297
285590	285590
285	7010
285704	285704
285753	285753
286257	286257
286	286
286887	125115
286887	3881
2870	2870
2872	2872
287	287
2873	10980
2873	51138
2873	8533
2874	9612
2876	2876
2877	2877
2878	2878
287	84033
2880	2880
288	288
2885	10006
2885	10451
2885	116449
2885	152503
2885	1742
2885	1793
2885	2059
2885	22941
2885	23607
2885	2885
2885	2887
2885	29760
2885	3937
2885	50807
2885	51225
2885	5781
288	5597
2885	63898
2885	64333
2885	695
2885	7159
2885	868
2885	9846
2886	2886
2887	2887
2888	2888
2891	2891
2891	2892
28954	28954
28960	28960
28964	28964
28966	28966
2897	2897
28985	28985
28988	28988
28998	28977
28998	55168
28998	65080
29028	29028
290	290
29068	29068
29072	29072
2908	10002
2908	10062
2908	10499
29082	128866
29082	29082
2908	2908
2908	3164
2908	3172
2908	367
2908	4306
29085	29085
2908	6257
2908	7026
2908	8648
29089	267
29089	55120
2908	9612
29094	29094
29099	29099
29107	29107
29108	29108
29109	29109
29110	29110
2911	2911
29116	29116
29121	29121
2912	2912
29126	29126
29127	29127
29128	29128
2913	2913
2915	2915
2917	2917
2919	2919
2920	2920
2923	2923
2926	2926
2932	10023
2932	100533105
2932	11040
2932	120892
2932	2932
2932	29959
2932	5590
2932	5607
2934	2934
2934	58
2934	60
2935	2107
2936	2936
2937	2937
2938	2938
2939	2939
2940	2940
2941	2939
2941	2941
2944	2944
2944	2947
2946	2946
2947	2946
2947	2947
2947	2948
2947	2949
2948	2948
2949	2949
2950	2950
2952	2952
2953	2953
2954	2954
2957	2957
2957	2958
2957	9519
2958	9519
2960	2965
2962	9150
2963	2962
29761	10868
29763	50807
2982	2983
2983	2983
29843	29843
29887	29887
29899	29899
29899	387755
29899	4926
2990	2990
29916	29916
2992	2992
29926	29925
29926	29926
2993	2993
29947	1788
29951	222484
29951	84708
29952	29952
2995	4354
29966	29966
29968	29968
29978	29978
29978	29979
29982	29982
29984	1729
29984	23002
29984	5364
29991	29991
29993	11252
29993	29763
29993	29993
29994	29994
30008	10516
30011	30011
30011	50618
30011	50807
30011	6455
30011	6456
30011	6457
30012	84525
3001	3001
3002	3002
3008	11335
3009	26013
3012	1058
3012	121504
3012	126961
3012	255626
3012	3012
3012	3020
3012	8290
3012	8350
3012	8970
3014	22976
3014	3135
3014	79648
3014	8290
3014	9656
3015	121504
3015	3015
3015	81611
3015	8350
3020	152098
3020	1616
3020	1788
3020	2186
3020	221656
3020	23515
3020	29128
3020	3020
3020	54904
3020	55904
3020	57332
3020	84656
3020	84733
302	302
302	6281
302	6596
302	79026
3028	3028
3029	3029
30	30
3033	3033
3035	3035
3039	3039
3039	51327
3043	3039
3043	3043
3045	3039
3045	3045
3045	3049
3046	3039
3047	3047
3048	3039
3048	3048
3050	3043
3050	3045
3050	3046
3050	3050
3053	3053
3054	3054
3055	10006
3055	1399
3055	2065
3055	2321
3055	25791
3055	27
3055	2888
3055	3055
3055	3815
3055	50807
3055	5291
3055	5335
3055	5747
3055	8503
3059	6850
3060	3117
3060	3119
3064	3064
3065	3066
3067	3067
3068	3068
3073	3073
3073	3074
3074	3074
3075	3075
3078	3078
3081	3081
30819	30819
30819	30820
30819	3751
30820	30820
30820	3751
30820	3752
3082	3082
3082	3083
308	308
3083	3083
30833	30833
30835	30835
30837	4690
3084	2066
30845	30845
30851	1499
30851	3761
3090	23119
3090	3090
3091	112398
3091	112399
3091	1387
3091	3091
3091	54583
3091	55662
3091	9915
3092	3092
3092	9026
3093	196403
3093	3093
3093	4193
3093	6045
3093	7329
3093	7341
3094	3094
3098	3098
3099	3099
3104	3104
3104	653121
3105	4100
3105	5354
3105	567
3106	567
3107	3133
3107	3802
3107	3803
3109	3108
3111	3108
3111	3109
3111	3112
3112	3109
3115	3113
3117	3119
3117	972
3122	1280
3122	2315
3122	3109
3122	3122
3122	3123
3122	3125
3122	3127
3122	3690
3122	4155
3122	6490
3122	7167
3122	7431
3122	972
3123	3123
3123	4155
3123	972
3125	3125
31	31
3133	3133
3133	3135
3133	3821
3133	3824
3133	567
3135	3135
3135	3824
3135	567
3141	3141
3155	3155
3156	3156
3157	3157
3158	3158
3162	3162
3163	3163
3164	3164
3164	9612
3172	10499
3172	3172
3172	7182
3172	8204
3172	8431
3172	8648
317	317
3174	8431
3174	8648
317719	317719
3178	3178
3178	3842
317	842
3178	6434
3181	3181
3183	10658
318	318
3183	22827
3183	22913
3183	3183
3183	55285
3184	10644
3185	10262
3185	10949
3185	3184
3185	54715
3185	5936
3185	80218
3188	3188
3189	3189
3190	3190
3190	5093
3190	5094
3191	3191
3191	5725
3195	5087
3195	5089
3195	5090
3196	3196
3196	5451
3198	3198
3200	60529
320	320
3206	2016
3211	5087
3216	60529
3217	5087
3219	84525
322	322
322	334
322	351
3225	3229
3225	3231
322	55740
3229	84528
32	32
3232	60529
3233	10481
3235	3225
3235	56033
3240	3039
3240	3043
3240	3240
324	10657
324	1499
324	1739
324	1741
3242	3242
324	324
324	50649
324	50807
3248	3248
3249	3249
3251	3251
3251	56952
325	2212
325	325
326	10155
326	326
3265	11186
3265	23179
3265	2888
3265	3265
3265	369
3265	4301
3265	4763
3265	51196
3265	5294
3265	54518
3265	54922
3265	5894
3265	5898
3265	5900
3265	5921
3265	5923
3265	6654
3265	6655
3265	673
3265	83593
3265	9610
3265	9693
326625	326625
3267	3267
326	8350
327	327
3276	3276
3276	56341
3280	3280
3281	3281
3290	3290
3292	3292
329	329
3295	3295
329	56616
329	79444
330	330
3306	10808
3306	146862
3306	23640
3306	63943
3309	3309
3310	10273
331	10454
3312	10273
3312	10808
3312	10963
3312	23640
3312	3306
3312	3308
3312	3312
3312	3337
3312	573
331	331
3313	3313
331	51619
3315	26353
3315	3315
331	56616
3316	26353
331	7325
3320	10273
3320	10910
3320	11140
3320	26548
3320	26973
3320	3320
3320	5536
3320	55664
3320	79657
332	151648
332	331
332	332
332	3619
332	55143
332	56616
3326	10963
3326	11140
3326	2288
3326	26548
3326	26973
3326	3326
3326	55664
332	8350
3329	3329
3329	3336
333	333
333	334
3336	3336
3337	3337
334	334
3351	3351
335	335
3360	3360
336	336
3364	5883
3371	3371
3375	3375
3375	3416
3382	84932
338323	338323
338324	338324
3383	3383
3383	3683
338339	338339
3384	3384
338599	338599
339287	10933
339287	10943
339287	339287
339287	55167
339287	84148
339390	339390
3396	29088
3396	51264
3396	64978
3397	3280
3397	6938
3398	3280
3398	3398
3398	6938
3399	3280
3399	3399
3399	6938
3399	6945
3400	3280
340061	340061
3416	3416
3417	3417
3418	3418
34	2108
34	2109
342371	342371
342371	6310
3428	3428
342931	342931
342945	2672
342945	342945
342945	54925
342945	84547
342945	84838
3433	3433
3433	3434
34	34
343641	343641
3437	24138
3437	3433
3437	3434
3437	3437
3440	3454
3440	3455
3454	7297
3456	3456
345643	345643
345643	51053
3458	3458
3458	3459
3459	3459
346288	10801
346288	1731
3467	3454
3467	3455
3479	3479
3479	3484
3479	3485
3479	3486
3479	3487
3479	3488
3479	3489
3480	1445
3480	2887
3480	2888
3480	3480
3480	3667
348093	348093
3481	3416
3481	3482
3481	3484
3481	3485
3481	3486
3481	3487
3481	3488
3481	3489
3482	23062
3482	23163
3482	26088
348235	220134
348235	348235
3484	3487
3487	3487
348980	348980
348980	610
349565	349565
351	10531
351	1504
351	2885
351	320
351	321
351	323
351	333
351	334
351	3416
351	351
351	4313
351	5644
351	5646
351	5653
3516	9794
353	353
35	35
3543	3543
3549	50937
3549	91653
3551	1147
3551	207
3551	3551
3551	4140
3551	4214
3551	4790
3551	4792
3551	4793
3551	5579
3551	6790
3551	8517
3551	9020
3552	6284
355	288
3553	3554
3553	3556
355	355
355	356
3553	7850
3554	3556
3554	3557
3557	3557
355	801
3558	3558
355	8737
355	8772
3559	3558
3560	3558
3560	3561
3560	3600
3561	3558
3561	3600
356	356
3565	3561
3565	3565
3565	3566
3565	3597
3566	3561
3566	3596
3566	3597
3566	3667
3567	3567
3567	3568
3568	3568
3569	3569
3569	3570
3569	3572
3570	3570
3570	3572
3572	3572
3574	3575
3575	3561
3575	3575
3576	3576
3576	3577
358	358
3586	3586
3586	3587
3592	3593
3593	51561
359	359
3596	3597
3596	3598
3600	3601
3605	23765
3605	3605
3609	3609
3611	29780
3611	55679
3611	55742
3611	64098
3611	841
3612	3612
3613	3612
3613	3613
361	361
3614	3614
3615	3615
3620	3620
362	362
3624	10468
3624	11167
3624	3624
3624	650
3624	93
3625	130399
3627	3627
3630	3117
3630	3119
3630	3416
3630	3630
3630	3643
3633	3633
36	36
3636	1436
3636	1969
3636	6453
3640	3640
3643	1445
3643	25970
3643	2886
3643	2887
3643	2888
3643	3643
3643	3667
3643	5335
3643	5770
3643	5787
3643	940
3646	51386
3646	8661
3646	8663
3654	3654
3654	4615
3654	51135
3656	3656
3656	51135
3661	1387
3661	3661
3663	1387
3663	3663
3667	3667
3667	5747
3667	780
3670	89884
367	10499
3672	3672
3673	136227
3673	3673
367	367
3674	2316
3676	3695
3676	7534
367	7181
367	8031
367	8202
367	8431
367	8648
367	8896
367	9612
3683	3385
3683	3683
3683	7087
3684	3684
3685	3693
3685	3694
3685	3696
3685	7043
3687	3687
3688	2316
3688	3655
3688	3672
3688	3673
3688	3676
3688	3678
3688	3688
3688	7094
3689	2316
3689	3687
3689	3689
3689	83660
3690	2316
3690	3125
3690	3674
3690	3685
3690	3690
3690	6464
3690	7094
3691	3655
3691	5339
369	22800
3693	2316
369	369
3694	2316
3695	3695
369	5604
369	5605
369	65125
369	673
369	7016
3702	10006
3702	3702
3702	9047
3704	3704
3705	3705
3706	801
3709	7223
3710	7225
3712	3712
3716	3716
3716	6776
3716	6777
3717	1956
3717	2065
3717	2885
3717	3717
3717	4690
3717	5295
3717	5335
3717	6776
3717	6777
3725	10538
3725	116071
3725	1386
3725	3725
3725	468
3725	4773
3725	5970
3725	8061
3726	10538
3726	116071
3726	3726
3727	10538
3728	1000
3728	1008
3728	1495
3728	1496
3728	1499
3728	324
3728	3728
3728	56998
3728	6934
373156	373156
373	23062
373	373
373	382
3735	3735
3735	55157
37	37
3737	3737
373	9267
3745	169522
3745	170850
3745	26251
3745	3745
3745	3755
3745	93107
3745	9312
3746	169522
3746	170850
374659	374659
375	162
375	23431
3752	3752
375	26088
375	375
375449	375449
375	55738
3756	3745
3756	3746
3756	3754
3757	3757
375	9266
3766	3773
377	23062
377	23163
377	26088
3775	3775
3776	3776
3778	3778
377	9493
3783	801
3784	3784
3784	801
3785	801
378949	6434
3791	3791
3791	7424
379	23162
3795	3795
3796	3796
3801	3801
3803	3803
3804	3804
3805	3805
381	381
3815	10019
3815	10451
3815	26228
3815	27
3815	2885
3815	3815
3815	4254
3815	4690
3815	5335
3815	5336
3815	5753
3815	5921
3815	640
3815	6714
3815	6850
3815	7006
3815	7294
3815	7535
3815	84174
3821	3824
3821	5777
382	23550
382	26088
382	382
3827	3827
382	8729
382	9266
382	9493
3832	3832
383	383
3836	10762
3836	3836
38	38
3838	10762
3838	129685
3838	3837
3838	4686
3840	10762
3841	10762
3842	3842
384	384
3845	23390
3845	335
3845	369
3845	3845
3845	5894
3845	5900
3849	125115
3849	3881
3852	125115
3852	3866
3852	3881
3853	125115
3853	3866
3853	3872
3853	3881
3854	3866
3854	3880
3854	3881
3856	125115
3856	3866
3856	3872
3856	3881
3861	3852
3861	3861
3866	112802
3866	144501
386618	386618
3866	286887
3866	319101
3866	338785
3866	3887
3866	54474
3866	5630
387032	387032
387032	54925
387032	55888
387032	84838
387	10276
387103	80152
387	11214
387	115557
387	128272
3872	140807
387	23002
387	23164
387	23365
387	25791
387338	387338
387	387
387	392
387	4650
3875	140807
3875	3856
3875	3866
3875	3875
387	5585
387	57569
387	6093
387893	387893
3880	3849
3880	3866
3880	3880
3881	112802
388121	388121
3881	338785
388	23002
388	25791
388372	3416
388372	388372
388	398
3884	338785
388	64283
3887	125115
3887	3881
388	9138
3889	3881
389	23002
3892	3866
389	389
389	392
389	396
389434	389434
389	6242
389692	389692
389856	23326
3903	3903
390	6093
3906	2683
390	7534
3908	3908
3911	3915
3912	3915
391	398
3920	3920
3921	6227
392465	392465
3932	10006
3932	1739
3932	26191
3932	3815
3932	3932
3932	4233
3932	5588
3932	5777
3932	5782
3932	5787
3932	5788
3932	5793
3932	5795
3932	5796
3932	5797
3932	5800
3932	5803
3932	6774
3932	6850
3932	7535
3932	9047
3934	3934
3934	57817
3937	6456
39	39
3939	3939
3939	3945
3945	3945
3949	255738
3949	26119
3949	350
3949	4043
3952	3952
3956	3956
3957	3957
3958	3958
3963	3963
396	387
396	388
396	391
396	396
396	399
3964	10241
3964	3964
3965	3964
3965	3965
396	5879
396	5881
396	998
3973	3973
397	5879
397	5881
3976	3572
3976	3976
3976	3977
3980	3980
3981	64421
3981	7518
3984	1432
3984	30811
3985	3985
3985	56288
3987	3611
399687	399687
3998	90411
4000	4000
4000	4001
4001	4001
400	23647
400	2800
400	2803
4004	6887
4004	8861
4005	4005
4005	4807
4005	6887
4005	8861
400	79571
4012	4012
401	401
402	23568
402	9094
403	23568
403	2803
4038	50964
403	9094
4040	22943
4040	2931
4040	2932
4040	4040
4040	50964
4041	50964
4043	4035
4043	4043
4043	7436
4045	257194
4045	4045
404672	404672
4049	4049
4049	4050
4049	7132
4049	7133
4050	4050
405	10499
405	196
405	2034
405	3091
4053	10516
405	405
4055	4050
4055	7186
4055	7187
4056	4056
405	6493
405754	405754
406	2034
406	3091
4064	4064
406	4862
4066	4004
4066	4005
4066	6886
4066	6925
4066	6929
4067	10006
4067	3815
4067	4233
4067	55824
4067	5747
4067	5777
4067	6714
4067	9322
4068	2534
4068	3932
4068	4068
4068	4690
4068	6504
4068	8874
4069	4069
406	9575
4072	4072
407	408
4074	23163
4074	26088
4077	23710
4077	4077
407977	407977
408	163
4084	4084
4084	6945
4085	4085
4085	8379
4085	9587
4086	10273
4086	4086
4086	4090
4086	57154
4086	64750
4087	4087
4087	64750
4088	11059
4088	23327
4088	4088
4088	4089
4088	57154
4088	64750
4089	4086
4089	4087
4089	4089
4089	4090
4091	4086
4092	10413
4092	23327
4092	57154
4092	64750
4093	4087
4093	4089
409	408
4102	4102
410	285362
410	410
4115	4107
4116	10921
4116	4116
4116	65109
4116	84305
4116	9939
4117	23552
412	412
4128	4128
4129	4129
4137	2810
4137	4137
4137	5300
4137	7534
4139	4139
4140	4140
4140	5588
414149	414149
414301	414301
4143	4143
4144	27430
4144	4144
4145	120892
4145	4145
4149	10608
4149	23269
4149	4084
4149	4149
4149	4335
4149	83463
4153	4153
4155	3127
4170	27113
4170	4170
4170	5366
4170	572
4170	578
4170	80351
4170	8678
4170	90427
4171	121504
4171	4175
4172	4171
4172	4174
4172	4175
4172	4176
4173	4173
4173	4175
4173	4176
4174	4171
4174	4176
4175	4175
4175	81620
4176	4171
4176	4175
4176	4176
4191	4191
4193	4193
4193	7874
4194	4193
4194	4194
4194	7157
4194	7874
4199	4199
4200	4200
4205	2033
4205	4205
4208	2033
4208	4208
4210	4210
4211	2018
4211	3195
4211	3196
4211	3227
4212	3195
4212	4212
4212	5087
4212	5316
4215	83605
4216	4216
4217	4217
4218	10890
4218	117177
4218	4645
4218	4952
4218	55930
4218	5866
4221	11168
4221	3727
4221	4221
4221	4297
4225	4225
4233	10019
4233	2268
4233	25970
4233	27
4233	2885
4233	2886
4233	2888
4233	3055
4233	3082
4233	3702
4233	3791
4233	4145
4233	4233
4233	5335
4233	5753
4233	5770
4233	5781
4233	640
4233	6714
4233	6850
4233	695
4233	7006
4233	7294
4233	7535
4233	867
4254	4254
4257	4056
4277	4277
4281	11043
4281	4281
4282	4282
4287	4287
4287	4738
4288	84365
4291	7531
4292	107984056
4292	4292
4292	5378
4294	84451
4297	1387
4298	84444
4300	3020
4300	84444
4301	5906
4301	6014
4301	6016
4306	367
4306	4306
4306	8648
4311	4311
4312	4312
4313	4313
4313	7077
4314	4314
4316	4316
4318	4318
4319	4319
4319	7077
4321	4321
4322	4322
432	339390
4323	4323
4335	4335
4335	6945
4338	4338
4342	2534
43	43
4345	131450
4350	4350
4353	4353
435	435
4354	55914
4355	55914
4361	4361
43	8292
438	438
439	439
440093	23133
440738	23192
440738	440738
442038	442038
443	443
4436	2956
4437	4436
4438	4439
443	91703
445	445
4477	4477
4478	4478
4485	4485
4485	4486
4507	4507
4512	1327
4515	4515
4521	4521
4522	4522
4543	4544
4548	4548
4582	4582
4591	4591
4594	4594
4597	4597
4598	4598
4599	1759
4599	4599
4600	4600
4601	4149
4602	1387
4604	4604
4604	4606
4605	3066
4606	1303
4606	4606
4607	4607
4609	3838
4609	4149
4613	4149
4615	4615
4615	51135
4617	3397
4617	3398
4617	3399
4617	6929
4618	6938
4624	58498
462	462
4625	4625
4627	4628
4641	801
4651	4651
4654	3397
4654	3398
4654	3400
4654	6925
4654	6929
4656	6929
4659	4659
4659	5500
4666	342538
4666	4666
4668	4668
4670	3842
4670	83759
4671	4671
4673	4673
4680	1087
4680	4680
468	1054
4683	9656
4684	4684
468	468
4685	4685
4688	4689
4688	5879
4690	10188
4690	1793
4690	27
4690	29760
4690	3937
4690	4638
4690	4690
4690	50807
4690	51517
4690	5921
4690	7311
4690	79890
4690	8503
4690	85358
4693	4693
471	471
4734	4086
4734	57561
4734	64750
4734	7323
4735	23176
4735	346288
4735	4735
4735	5413
4735	55752
4738	10980
4738	10987
4738	123228
4738	29761
4738	4738
4738	51667
4738	8065
4738	8975
4738	9039
4739	4739
47	47
4747	7431
4750	4750
4751	28964
4751	4751
475	475
475	538
475	540
4756	59277
4763	4763
4771	4771
4771	9730
4773	4773
4773	50943
4780	4780
4790	3661
4790	3665
4790	4790
4790	4792
4790	4851
4790	55662
4790	5970
4791	4791
4791	64332
4792	4792
4792	580
4792	5970
4792	8517
4794	404734
4794	4791
4794	5970
4798	4798
4798	51377
4800	4801
4800	4802
4801	10589
4801	4802
4801	56655
4803	4803
4803	4804
4803	4914
4804	801
4809	26121
4830	4830
4830	4831
4830	4832
4831	4831
4831	4832
4832	4832
4833	4830
4833	4833
4835	4835
4838	4838
4841	4841
4841	55269
4842	1740
4842	4842
4843	4843
4843	801
4846	4846
4846	801
4848	4848
4849	4848
4849	4849
4850	10477
4850	51619
4850	7322
4850	7323
4850	7334
4851	182
4851	3516
4851	4851
4851	55534
4851	84441
4851	9794
4853	3516
4857	5093
4858	4858
4860	4860
4862	9915
4867	50807
4867	54806
4867	9564
4869	10361
4869	4869
4878	3416
4878	4883
4879	4883
4883	4880
4883	4883
4893	2887
4893	2888
4893	51196
4893	5894
4893	5921
4907	4907
4908	4908
4908	627
4909	4909
4909	4915
4914	25970
4914	3667
4914	4914
4914	5335
4914	5770
4914	6464
4915	10818
4915	25970
4915	4915
4916	4916
4920	4920
4922	6272
4923	4922
4928	4928
4928	8480
4929	4929
493	801
493829	493829
493856	493856
493869	493869
4942	4942
494470	10477
494470	51619
4952	11031
4952	144717
4952	4952
4952	81876
4953	4953
4973	4973
4982	8600
4986	4986
4987	4987
4998	4999
5000	4999
5001	23595
5001	4999
5001	5000
5007	9218
5009	5009
501	501
5019	5019
5033	5033
5034	5034
5037	5037
5042	5042
5047	5047
50484	50484
5048	5048
5048	5049
5048	5050
50489	50489
5049	5049
5049	5050
5050	5050
50511	50511
5052	10549
5052	140809
5052	5052
5053	5053
5054	5054
5055	5055
5058	30011
5058	5058
5058	57381
5058	58480
5058	8874
5058	9149
5058	9459
5058	9641
50604	53832
50615	50615
50616	50616
50618	50618
5062	57381
5062	8569
5063	5347
5063	5879
5063	998
50649	50649
506	498
5071	5071
5071	53347
5071	7332
5071	84959
5073	5073
5074	84727
5077	4223
5077	5077
50801	50801
50807	11252
50807	51429
50846	50937
50846	64399
50846	91653
50848	50848
5087	5316
5089	3198
5089	5316
5090	5316
5091	5091
5092	5092
5092	84105
5093	5094
50943	50943
50944	50944
5094	5094
5095	5096
5096	5096
51002	51002
51010	51013
51020	51020
51022	51022
51024	51024
51028	11267
51028	51028
51028	84313
51043	604
5104	5104
51053	3225
51053	51053
51053	81620
51062	51062
51067	51067
51069	51253
51073	29088
51074	51074
51076	51076
51078	51078
51084	51084
51085	6945
51091	51091
51095	51095
51100	51100
51102	51102
5110	5110
51109	51109
51110	51110
5111	1026
5111	10714
5111	2237
51112	51112
5111	5111
5111	6233
5111	79621
5111	9768
51132	51619
51135	51135
51138	50813
51138	51138
51138	8533
51147	51147
51156	51156
51166	51166
51167	51167
51170	51170
51171	51171
51181	51181
5119	27183
51200	51200
51206	51206
51209	51209
51218	51218
51225	10163
51225	51225
51226	22820
51228	51228
51230	51230
51251	51251
51253	10884
51253	57129
51255	51619
51258	29088
51258	51073
51258	51318
51258	57129
51258	65080
51258	90480
51263	54948
51263	55052
51263	78988
51265	51265
51265	6732
51271	51271
5127	5127
51282	203523
51282	387032
51282	54925
51282	55888
51282	7589
51282	84307
51282	84547
51291	51291
51292	51292
51297	51297
51311	51311
51317	51317
51318	29088
51322	51322
5133	29126
5133	80380
51341	51341
51341	604
51366	26986
51366	51247
51366	7316
51377	51377
51380	51380
5138	5138
51399	51399
5140	5140
51411	51411
5141	5141
51422	5564
5142	5142
51426	51426
51426	51455
51429	51429
51434	51434
5143	5143
51444	51619
5144	5144
51455	10459
51455	51455
51455	5429
51458	51458
51466	51466
5147	339231
5147	402
5147	403
5147	54622
5147	6009
5147	6103
5148	5146
51490	51490
51501	51501
51520	51520
5152	5152
51529	51529
51534	51510
51540	51540
5154	5154
5154	5156
51548	51548
51552	26056
51552	4952
51552	64145
51552	80223
5155	5154
5155	5155
5155	5156
5155	5159
5156	1398
5156	1399
51561	51561
5156	5295
5156	5335
5159	5156
5159	5159
5159	5295
5159	5335
5159	5796
51596	51596
5159	6776
5159	8503
5160	5160
5160	5162
51616	10629
51619	26994
51619	27246
51619	7189
5162	5162
5163	5163
51642	26589
51642	51264
51642	64976
5164	5164
51651	51651
5165	5165
51661	51661
5166	5166
51684	51684
51690	23658
51690	25804
51690	57819
51691	11157
51691	25804
51691	27258
51691	51690
51691	57819
51691	6628
51691	6632
5170	207
51702	51702
5170	28964
5170	5170
5170	5566
5170	5580
5170	5584
5170	5585
5170	5586
5170	5590
5170	6197
5170	6198
5170	6732
51719	8428
5174	5174
51762	117177
51765	51719
51765	51765
5178	5178
51816	51816
5184	5184
5187	1407
5189	5190
5194	5194
5195	5195
5195	5824
5195	5830
5196	3576
5196	5196
5197	5197
5204	5202
5204	81572
5207	5207
5209	5209
5211	5211
5213	5213
5214	5214
5216	5216
5216	60
5216	7408
5217	5217
5217	71
5217	7408
5218	1026
5218	896
5223	5223
5225	5225
5226	5226
5228	5228
5241	5241
5241	8648
5241	9612
52	52
5252	8350
5253	5253
5261	5261
5265	1991
5265	5265
5265	5646
5266	1990
5270	5270
5274	5274
5284	5284
5286	5286
5287	2885
5287	5295
5290	8503
5291	8503
5292	4140
5293	3265
5293	4690
5293	5295
5294	5294
5295	10451
5295	116449
5295	1398
5295	1399
5295	27
5295	2885
5295	3937
5295	5290
5295	5291
5295	5777
5295	6453
5295	6464
5295	6774
5295	6850
5295	84951
5295	9047
5296	1398
5296	2885
5296	4233
5296	5291
5296	5296
5296	6774
5296	6850
5296	7006
5298	5298
5300	4087
5300	5300
5305	5305
5307	84528
5308	5308
5311	5311
5313	5313
5315	5315
5319	5319
5320	5320
5327	5327
5328	5054
5328	5328
5328	5329
5329	5329
5335	10006
5335	2263
5335	27
5335	3937
53354	53354
5335	50807
5335	79890
5336	2885
5336	5295
5336	5335
53371	53371
53371	9818
53373	53373
5339	5339
5340	350
5340	5340
5341	5341
534	529
5347	10769
5347	120892
5347	5058
5347	5347
5347	5597
5347	7159
5347	9088
5347	91754
5350	5350
5356	5356
53615	57459
5362	27289
53632	5564
5364	10507
5364	23365
5364	27289
5364	390
5364	5364
5364	5879
5364	64218
5366	597
5366	599
5371	5371
5371	7341
5372	5372
5375	5375
53833	50604
53833	53832
53840	85363
53917	64145
5393	11340
5393	51010
5393	54512
5393	56915
5394	10438
5408	5408
5409	5409
54107	54108
5413	151011
5413	5413
5413	55752
5414	23176
5414	346288
5414	5413
5414	5414
54207	54207
54210	54210
5422	23649
5423	7515
5425	10714
5428	11232
5430	22828
5430	55197
5430	58190
5430	58490
5430	81550
5432	5430
5432	5431
5432	5439
54331	2782
5433	5436
54363	54363
5442	5442
54442	54442
54471	54471
54474	125115
54474	144501
54474	54474
54477	54477
54487	54487
5449	5307
5451	10481
54512	54512
5451	3225
5451	5450
5451	5451
5451	6657
54518	7094
54534	29088
54534	51073
54534	78988
54534	84545
54536	54536
54538	6091
5454	5077
5454	5454
5454	6663
54575	54575
54575	54576
54576	54576
54577	54575
54577	54576
54577	54577
54578	54575
54578	54576
54578	54577
54578	54578
54578	54657
54578	54658
54578	54659
54596	54596
54600	54575
54600	54576
54600	54577
54600	54578
54600	54600
54600	54657
54600	54658
54600	54659
54606	54606
54623	123169
54623	54623
54625	54625
546	3020
5463	5463
5465	133522
5465	5465
54657	54575
54657	54576
54657	54577
54657	54657
54657	54659
5465	8202
54658	54575
54658	54576
54658	54577
54658	54657
54658	54658
54658	54659
5465	8648
54659	54575
54659	54576
54659	54577
54659	54659
5465	9612
5467	5467
5467	8431
5467	8648
5467	9612
5468	10002
5468	10499
5468	10891
5468	1387
5468	190
546	8350
5468	5468
5468	8202
5468	8648
5468	9612
54715	54715
5473	5473
54737	1788
54737	54737
54737	79813
54738	54738
547	547
5475	5475
5476	5476
54769	54769
54776	54776
54776	80351
54778	10477
54778	51619
54778	7325
5478	5478
5478	5530
5478	5534
54793	54793
54797	9440
5480	5480
54805	54805
54806	54806
54810	54810
54815	8932
54820	54820
54880	84759
54894	10477
54894	51619
54904	54904
54925	54925
54925	55888
54926	9666
54941	51619
54941	7325
549	549
54957	54957
54974	54974
5498	5498
5499	5499
5499	5511
5499	5514
5499	5529
54995	54995
5499	84687
5499	84988
5500	5511
55006	55006
5500	84988
55011	9894
55014	8673
5501	5504
5501	5511
5501	84687
5501	84988
55033	55033
55041	55041
5504	5499
5504	5500
55048	7251
55052	28998
55052	65080
55054	55054
55054	9474
55055	55055
55072	10616
55072	55072
55072	81858
55109	55109
55110	9939
55114	23268
55120	55120
55124	55124
55143	3619
55143	55143
55147	5936
55149	55149
5515	151648
5515	28227
5515	3476
5515	51400
5515	51451
5515	5524
5515	5525
5515	5526
5515	5527
55157	55157
5515	990
5516	3476
55163	55163
55165	10015
55165	55165
55170	55170
55175	55175
5518	28227
5518	5515
5518	5516
5518	5520
5518	5521
5518	5525
5518	5527
5518	5528
5518	5529
5518	5531
5518	990
55193	55193
5519	5515
5519	5520
5519	5525
5519	5527
5519	5528
5519	5529
55198	26060
55198	55198
55233	23012
55233	26524
55236	10537
55239	55239
55240	55240
5525	151648
55257	10933
5527	151648
5528	151648
55284	115426
55284	55743
55284	79102
55293	55293
55294	55294
55297	26088
55303	55303
5530	5530
5531	3476
5531	5516
5532	5534
5534	5530
55361	55361
5536	5536
55367	55367
5537	3476
5537	5531
5538	5538
55422	7988
55423	55423
55432	55432
55437	51719
55466	55466
5547	5547
55503	55503
55520	55520
55521	55521
5553	5553
55	55
55556	55556
55561	29110
5557	5558
55577	55577
55584	55584
55585	55585
5558	5558
55593	55593
55605	55605
55611	51619
55611	55611
55613	66036
55616	55616
55617	55617
5562	53632
5562	5562
5562	5564
5562	6794
5563	5564
5563	6794
5565	51422
5565	53632
5565	5562
5565	5563
5565	5571
55658	51619
55660	23360
55660	55660
5566	11142
5566	120892
55662	10116
55662	27130
5566	23387
55662	55662
5566	2932
5566	4215
5566	5569
5567	1457
5567	91
5568	5128
55693	55693
5569	5569
55698	55698
5571	51422
5571	5562
5571	5563
5571	5564
5571	5571
55723	25842
55728	55728
55734	7621
5573	5566
5573	5567
5573	5573
5573	5575
5573	5613
55737	51699
55738	55738
55740	26136
55743	51619
55743	55743
55743	7325
5575	5575
5576	5576
55766	10389
5576	862
5576	9495
5576	9590
55775	55775
5578	5578
5578	5581
5578	6196
5579	207
5579	2932
5579	5579
55802	55629
55802	55802
5580	5580
558	10461
55811	55811
5581	5587
5581	6196
55819	10477
55819	51619
55825	55825
558	2621
55829	55829
5583	5583
55843	55843
5584	50855
55845	10152
5584	5584
5584	5590
55845	8936
55847	55847
5584	84552
5584	84612
5584	8878
558	558
55856	55856
55869	55869
55870	55870
5587	2011
5588	5588
5588	5590
5588	8491
55888	7589
55892	55892
5590	10000
5590	50855
5590	5598
5590	84612
5590	8878
5592	5592
5594	136319
5594	1432
5594	1612
5594	1843
5594	23043
5594	5594
5594	5604
5594	5605
5594	5778
5594	5801
5594	6195
5594	6197
5594	841
5594	8550
5594	8569
5594	8682
5595	1432
5595	1612
5595	1843
5595	27330
5595	4214
5595	5594
5595	5604
5595	5605
5595	6196
5595	6197
5595	841
5595	8682
55964	55964
55973	55973
55975	55975
5597	5597
5597	5891
5597	8550
5599	11221
5599	2872
5599	4214
5599	4775
5599	5599
5599	6416
5599	659
5599	9479
56000	29107
56000	55916
5600	1432
5601	4214
5601	5601
5601	6416
5601	8550
5602	9479
5603	1386
5603	4216
5603	5587
5603	7867
5604	4214
5604	5604
5604	65125
5604	6794
5604	7444
5605	5605
5605	8844
5606	120892
5606	1432
5606	4216
5606	4217
5606	5608
5606	9344
5607	10746
5607	4215
5607	5598
5607	9578
5608	120892
5608	1432
5608	4216
5608	4217
5608	5608
5608	9344
5609	120892
5609	4214
5609	4217
5609	5599
5610	3609
5610	5610
5611	5611
5617	5618
5621	5621
5624	10544
5624	5624
56253	23705
56253	56253
56259	56259
56261	56261
5631	5631
5631	5635
56341	56341
5634	5631
5634	5634
5634	5635
5635	5635
563	563
5636	5636
5641	5641
5644	5644
5646	5646
56474	56474
5648	5648
5650	11005
5654	5654
5654	84612
5657	5657
5660	5660
56616	56616
56655	54107
56658	51127
56658	56658
56681	56681
567	10859
567	3077
567	3140
567	567
5682	5683
5682	5684
5682	5685
5682	5686
5682	5690
5682	5692
5682	5699
5683	5684
5683	5685
5683	5687
5683	5691
5683	5695
5684	5684
5684	5685
5684	5687
5684	5692
5684	5693
5684	5694
56852	56852
5685	5686
5685	5687
5685	5690
5685	5691
5686	5693
5687	5695
5688	5682
5688	5683
5688	5684
5688	5685
5688	5686
5688	5687
5688	5688
5688	5689
5688	5690
5688	5691
5688	5693
5688	5695
5688	5698
56893	29978
56893	29979
56893	56893
5689	5682
5689	5686
5689	5690
5689	5691
5689	5692
5689	5693
5689	5695
5689	5696
56896	56896
56897	56897
56898	56898
56904	51100
56904	56904
5690	5690
56907	56776
56915	51010
5691	5690
5691	5695
56925	51200
5692	5693
5692	5694
5692	5695
5693	5690
5693	5691
5693	5695
56938	2034
56938	4862
5694	5687
5694	5694
5694	5695
56946	56946
56952	56952
56953	56953
5695	5695
5696	5698
5698	5695
5699	5691
5700	5706
5700	5708
5701	5700
5701	5704
5701	5705
5701	5713
57017	57017
5702	5702
5702	5704
5702	5705
5702	5706
5702	5710
57026	57026
5704	5700
5704	5705
5704	5706
5704	5707
5704	5708
5704	5713
5705	5706
5705	5708
57060	5093
5706	5706
57082	25936
5709	5719
57097	57097
5709	9861
57105	10800
5710	5700
5710	5705
5710	5706
5710	6233
57111	22841
57111	26056
57111	4645
57111	57111
57111	80223
57115	57115
57118	57118
57120	57120
57122	55746
57132	51534
57132	6683
5713	5700
5713	5705
5713	5706
5713	5707
5713	5710
5713	5713
5713	5719
5713	9861
571	571
57159	11043
57159	57159
57161	57161
5716	5700
5716	5704
5716	5705
5717	10213
5717	5704
5717	5713
5717	5719
5717	9861
5718	10213
5718	5713
5718	5719
5718	9861
5720	5720
5720	5721
5721	5721
5723	5723
5725	5725
5728	23139
5728	260425
5730	5730
57381	106821730
57402	57402
57407	57407
5741	5741
5741	5745
5742	5742
5743	5743
5744	3837
5744	5745
57447	57447
5745	5745
57474	27033
5747	5747
57484	51619
57488	23344
57488	57488
57488	83850
57491	405
57492	57492
57502	57502
57506	57506
57513	57513
57531	10133
57534	51619
57534	57534
5753	5753
57559	57559
57561	23327
57561	83737
57580	57580
57628	57628
57649	10933
57649	25942
57680	55636
57684	57684
57687	57687
57689	22854
57695	57695
57697	100526739
57697	116028
57697	80010
57697	91442
5770	4058
5770	4915
5770	4916
5770	5770
57716	57716
5774	2060
5774	6300
5775	2903
5775	5775
5775	6300
57763	10783
5777	2885
5777	5777
5777	6452
5778	1432
5781	2886
5781	5781
57823	57823
5783	51735
5783	5783
578	578
578	599
57862	84307
57863	57863
5786	5786
5786	5789
5786	5797
5787	1445
5787	5787
5787	7006
5787	7010
5788	2690
5788	7010
5788	919
5789	114798
5789	5789
5789	5802
5792	5786
5792	5792
5793	7010
5795	5795
5797	5797
5798	5798
5800	5800
5802	5798
5802	5802
580	28964
5803	1272
5805	5805
580	580
5810	135458
5810	3364
5810	5883
581	4170
58155	58155
58157	58157
581	581
581	597
581	598
581	599
5817	10666
5817	201633
5817	25945
5817	5817
5817	5818
5818	25945
5818	5818
5818	81607
5819	25945
5819	5819
5819	81607
5824	8504
5825	215
5825	225
5825	5825
582	84100
5829	10580
5829	11235
5829	2185
5829	28964
5829	29780
5829	50807
5829	55742
5829	5747
5829	9815
5830	5830
5831	5831
5832	5832
5833	5833
5834	5834
5836	5834
5836	5836
5837	5837
58484	58484
58487	58487
58490	58490
58494	58494
58494	83700
58500	10794
58500	25888
58500	58500
58500	653121
58500	7718
58500	7728
5859	5917
5859	9255
5860	5860
5861	4952
5862	3382
5862	4943
5862	5862
5863	22800
5863	3265
5863	5898
5863	5908
5864	1121
5864	117177
5864	22895
5864	4952
5864	5877
5864	94121
5865	5865
586	586
5866	117177
5866	5866
5867	2664
5867	2665
5867	5867
5867	64145
5867	7879
5867	80223
5867	9135
5868	27342
5868	27352
5868	4952
5868	54453
5868	5868
5868	5878
5868	64786
5868	7879
5868	79735
5868	8411
5868	9135
5868	9610
5869	27352
5869	54453
5869	5869
5869	64786
5869	79735
5869	8411
5869	9610
5870	4952
5870	7879
5870	9648
5872	4952
5873	79083
5873	94121
5874	5874
5874	94122
587	587
5877	376267
5877	4218
5878	27352
5878	64145
5878	64786
5878	79735
5879	10458
5879	10928
5879	128272
5879	1793
5879	1794
5879	23526
5879	5058
5879	5062
5879	50649
5879	50855
5879	5330
5879	5585
5879	57514
5879	5879
5879	6242
5879	7074
5879	81704
5879	84552
5879	84612
5879	8874
5880	1794
5880	23647
5880	396
5880	397
5880	4688
5880	5058
5880	5336
5880	5880
5880	7454
5881	5058
5881	5881
5885	10735
5885	8243
5885	9126
5886	220213
5886	29761
5886	29978
5886	55768
5886	56893
5886	5710
5886	5886
5886	84993
5887	220213
5887	55768
5887	5710
5887	9039
5888	11144
5888	5888
5889	5888
5889	7517
5890	5889
5893	5893
5894	10971
5894	1399
5894	22800
5894	2810
5894	5159
5894	51765
5894	5599
5894	5604
5894	5605
5894	5894
5894	5906
5894	5911
5894	6009
5894	6237
5894	673
5894	7529
5894	7531
5894	7532
5894	7533
5894	7534
5898	10928
5898	149371
58985	50616
5898	55770
5898	5898
5898	5906
5898	5912
5898	83871
5899	10928
5899	149371
5899	55770
5900	5900
5900	6014
5900	6016
5901	23534
5901	3837
5901	3842
5901	51194
5901	57510
5901	5901
5902	5901
5903	5901
5903	5903
5903	6613
5903	7329
5903	7341
5905	29843
5905	5905
5905	59343
5905	6613
5905	7329
5905	7341
590	590
5906	11069
5906	54518
5906	5900
59067	50615
5906	83593
5906	9693
5906	9771
5908	23390
5908	338382
5908	5062
5908	83593
5909	5909
5911	4301
5911	54922
5911	5898
5911	5911
5912	83593
5914	10499
5914	4929
5914	5469
5914	5914
5914	6256
5914	6257
5914	6258
5914	7376
5914	8202
5914	8204
5914	8431
5914	8648
5914	9612
5915	4929
5915	5915
5915	6257
5915	6258
5915	8648
5916	6256
5916	6257
5916	6258
5916	8202
5916	8431
5916	8648
5916	9612
5917	9255
5921	10006
5921	5921
5925	1869
5925	1870
5925	5499
5925	5925
5925	7027
5925	890
59272	59272
5927	5927
5928	161882
5928	1642
5928	5931
5928	84295
5928	9112
5929	9070
5930	5930
5932	5932
59341	59341
59349	26249
59349	59349
593	593
593	594
594	594
5950	5950
5950	7276
595	1017
595	1021
595	1026
595	1027
595	2932
5957	5957
596	27113
596	4170
596	5366
5965	5965
596	572
596	581
596	596
596	598
596	637
596	7159
5967	5068
596	8678
596	90427
5970	4793
5970	5966
5970	5970
5970	79918
5971	5970
5972	183
5972	5972
597	27113
597	578
5976	26019
5976	5976
5979	2887
5979	5335
5979	5747
5979	5979
5979	6774
5980	10459
5980	51455
598	23593
598	27113
5984	5983
5984	5985
598	5366
598	572
598	578
598	598
5987	11043
598	7159
5987	5987
5987	6737
5987	81559
598	8678
598	90427
599	27113
5993	5993
5994	5993
599	572
599	599
5998	5998
599	90427
6000	6000
6001	2773
6001	2775
6002	2770
6002	2771
6002	2773
6004	2770
6009	6009
60	1073
60	11034
6014	5365
6015	10138
6015	10336
6015	10477
6015	23429
6015	51619
6015	6015
6015	6045
6015	7325
6015	84108
6015	84333
6015	84759
6019	6019
602	580
6035	6035
6035	6050
6036	6050
6037	6037
6038	6038
604	112939
6041	6041
604	23598
604	255877
604	54880
6045	51619
6045	6045
6045	84108
6045	84759
604	604
6046	121504
6046	6046
60468	60468
6047	10477
6047	51619
6047	6047
604	7704
6047	7325
60485	60485
60489	60489
60490	60490
60491	60491
604	9612
6050	6050
60529	60529
60592	60592
60	60
60	71
607	1499
607	26108
607	90780
608	10673
60	89
6093	6093
6095	10499
6095	190
6095	8204
6095	8648
6097	10499
6097	6097
6097	8648
6097	9975
6098	6098
6103	57096
610	610
6117	29935
6117	6117
6117	6119
6117	84126
6118	50485
6118	6117
6118	6118
6118	6119
6119	29935
6119	6119
6120	6120
6132	79697
613	4301
613	613
613	84708
6150	10884
6150	57129
6150	64975
6150	79590
6156	6156
6157	84864
6176	6176
6176	6181
6181	6181
6195	6195
6197	1460
6197	6197
6198	207
6198	5599
6198	6198
6198	6794
6233	10477
6233	11201
6233	26994
6233	6233
6237	369
6237	4301
6237	5900
6240	6240
6241	6241
6249	10376
6249	1639
6249	22919
6249	22924
6249	57606
6249	6249
6249	79745
6256	10062
6256	10499
6256	10891
6256	3164
6256	4929
6256	5467
6256	5468
6256	6256
6256	7376
6256	8202
6256	8431
6256	8648
6256	9612
6256	9970
6256	9971
6257	10062
6257	10499
6257	4929
6257	5467
6257	5468
6257	6257
6257	7182
6257	7376
6257	8648
6258	10062
6258	5465
6258	5467
6258	6258
6258	7376
6258	9612
6258	9971
6263	6263
6271	177
6271	6271
6271	6273
6271	6275
6271	6286
6272	23062
6272	26088
6273	6273
6274	6274
627	4909
627	4915
6275	4627
6275	6275
627	627
6276	6276
6277	177
6277	27101
6277	6277
6278	6278
6279	6279
6279	6280
6280	6280
6281	6281
6281	6596
6281	79026
6282	6282
6283	6283
6284	6284
6285	177
6285	2247
6285	6271
6285	6273
6285	6275
6285	6277
6285	6282
6285	6285
6285	6286
6285	7157
6285	829
6286	170591
6286	177
6286	4627
6286	6286
6288	6288
629	629
629	718
6301	6301
6303	112483
63035	84759
6303	6303
6304	6304
6310	23152
6310	6310
631	8419
6329	801
6331	2258
6331	6331
6337	11059
6337	23327
6337	4734
634	1087
634	1088
6342	5830
634	4680
634	634
6346	6346
6347	6347
6348	3416
634	84868
6348	6348
6352	6352
6354	6354
6355	6355
635	635
6356	6356
6357	6357
6358	6358
6361	6361
6362	6362
6364	6364
637	4170
6374	6374
6375	6375
637	578
637	581
637	597
637	598
637	599
6376	6376
63826	63826
6382	7074
6385	6383
6385	6385
6386	3568
6386	6385
6386	6386
63875	54148
6387	6387
6387	7852
6390	6389
63928	6548
639	639
6396	6396
63979	63979
6402	801
6403	6403
6403	6404
6403	8907
64067	9915
64072	10083
64077	64077
64080	64080
64083	64083
64101	22854
64121	64121
64137	64137
64146	64146
64147	64147
6416	6416
64170	64170
6418	6418
6419	6419
6421	4841
6421	6421
64218	5365
64241	64240
6426	10921
6426	10949
6426	23534
642	642
6426	6426
6426	6732
6427	10921
6427	6426
6427	6427
6427	6429
6429	10921
6431	10262
6431	10921
6431	6732
64321	64321
6434	10921
6434	6429
6434	6431
64375	64375
64376	22806
643	7852
643866	140689
643866	147381
64398	58538
64398	64398
6440	6440
6441	6441
644	644
6446	5170
6446	5598
6446	6446
6448	6448
6449	6449
64499	64499
6452	80351
6453	22841
6453	23048
6453	29763
6453	50807
6453	6453
6453	6456
6453	85439
6455	50618
6455	6455
6455	6456
6455	6457
6456	50807
6456	6456
6456	6457
6457	6457
64581	64581
6462	6462
6464	1398
6464	2066
6464	2885
6468	6500
6469	64399
6470	6470
6472	6472
6473	6473
64750	64750
64759	10395
64761	64761
6477	27101
6477	6477
6478	10869
6478	27101
64785	51659
64785	64785
64802	64802
64837	64837
64841	64841
64864	57763
6493	9915
6497	4087
6497	4088
6497	4089
64975	57129
64975	64981
64975	79590
64978	29088
64978	51264
64978	51318
64978	51642
64981	57129
64983	54148
64983	63875
6498	4087
6498	4088
6498	4089
6500	115290
6500	23194
6500	23291
6500	254170
6500	25793
6500	25827
6500	26190
6500	26224
6500	26232
6500	26233
6500	26234
6500	26259
6500	26268
6500	26270
6500	26272
6500	54461
6500	55294
6500	55336
6500	6500
6500	6502
6500	79791
6500	80204
6500	84261
6500	8454
6500	84893
6500	8945
6500	93611
650	11167
650	117166
650	148738
6502	6502
6502	8454
650	285704
650	4838
650	56963
65057	65057
650	650
650	657
650	659
6506	6506
650	7042
65082	64601
650	92
650	9241
650	93
65109	26019
65109	9939
65110	26019
65123	58493
65123	79035
65125	65125
65125	65268
651	651
652	11167
6521	6521
65220	65220
65263	65263
652	652
652	657
65266	26249
65266	27347
652968	652968
653121	653121
653121	79797
653121	84914
6531	6531
653361	10006
653361	4688
653361	4689
653361	653361
653464	653464
653689	653689
654	654
6548	11261
6548	54997
655	655
655	659
655	92
655	9241
657	1024
657	2281
657	5604
657	657
657	8200
658	2280
658	650
658	8200
6590	1991
659	5592
6596	6596
6597	1108
65977	65977
65980	65980
65981	65981
65987	65987
66005	66005
660	116449
66036	66036
66036	9107
66036	9108
660	660
6606	6606
6608	6608
6611	6611
6612	10055
6612	29843
6612	59343
6612	6612
6612	6996
6612	7329
6613	1616
6613	26168
6613	29843
6613	55729
6613	5905
6613	59343
6613	6047
6613	6613
6613	6996
6613	7329
6615	1958
6615	3837
6616	6616
6616	6804
6616	6844
6622	6622
6622	801
6624	6624
6625	10921
6625	6628
6625	6631
6625	6633
6625	6634
6625	6636
6626	1153
6626	27316
6626	5935
6626	6626
6626	6627
6628	1207
6628	57819
6628	6632
6628	6634
6629	6627
6631	6634
6632	6633
6632	6638
6633	57819
6634	51690
6634	6638
6635	23658
6635	25804
6635	27258
6635	57819
6635	6633
6635	6634
6635	6635
6635	6636
6635	6637
6636	11157
6636	23658
6636	51690
6636	6633
6636	6637
6637	27258
6637	6634
6638	25804
6642	254122
6642	6642
6643	6642
6643	6643
6645	6645
664	664
6647	6647
6648	6648
6649	6649
6652	6652
6653	23062
6653	26088
6653	6653
6654	6654
665	664
665	665
6657	5460
6660	6660
6663	6663
6667	1958
6667	7071
667	22919
667	4606
6675	6675
6678	6678
6692	3083
6692	6768
669	669
6697	6697
6708	10006
6708	6710
6708	6711
6709	6709
6710	286
6710	6709
6711	157922
6711	287
6711	6709
6711	6711
6712	10121
6714	10006
6714	11184
6714	1398
6714	1457
6714	2048
6714	2065
6714	207
6714	23624
6714	27
6714	3791
6714	3937
6714	4919
6714	50807
6714	5295
6714	558
6714	5747
6714	5770
6714	6464
6714	64759
6714	6714
6714	8503
6714	867
6714	868
6714	9564
6717	6717
6720	117581
6720	6720
6721	6721
6722	2005
672	221927
6722	6722
672	31
6723	6723
672	580
672	672
6727	6726
672	83990
672	84126
672	84142
6728	6729
6729	6729
6730	6730
6732	26576
6732	2872
6732	51765
6732	57396
6732	6199
6732	6795
673	283455
6733	5562
6733	6426
6733	6430
6733	6733
6733	7443
6733	8683
673	4214
6734	6734
673	5062
673	5595
673	5604
673	673
6737	56658
6737	6737
673	8844
6741	22827
6742	6742
675	11144
6752	6753
675	5888
675	79728
675	7979
676	676
6768	6768
6769	51517
6772	6772
6772	6773
6772	6776
6773	1387
6774	27
6774	640
6774	660
6774	6772
6774	6773
6774	6777
6774	6778
6774	6850
6774	8503
6774	9047
6776	1398
6776	6776
6778	6778
6778	8648
6780	6780
6783	6783
6786	6786
6786	84876
6788	11186
6788	283349
6788	6788
6788	83593
6789	11186
6789	283349
6789	6788
6789	6789
6789	83593
6790	1024
6790	1147
6790	207
6790	22974
6790	3619
6790	5535
6790	5604
6790	6732
6790	6733
6790	6790
6790	7867
6792	5593
6793	6793
6794	51719
6794	54861
6794	7867
6794	8428
6794	92335
6799	6799
6801	29966
6804	63908
6804	6804
6809	63908
6809	9341
6810	10490
6810	23673
6810	63908
6810	6809
6810	6810
6810	6811
6810	9341
6810	9482
6811	63908
6812	415117
6817	6817
6820	27284
6820	6783
6820	6817
6820	6820
6822	6822
682	682
6829	23168
6829	5430
6829	6827
683	683
6839	23468
6843	112755
6843	6804
6843	6810
6844	6804
6844	6809
6844	6810
6845	3267
684	684
6850	2066
6850	29760
6850	6452
6850	6850
6850	7410
6850	9047
6853	6853
6857	6284
6857	6616
6857	6857
6857	9900
6863	6869
6872	25842
6872	54457
6872	55723
6872	6879
6874	6874
6874	6883
6878	6880
6880	10629
6881	129685
6881	80854
6884	6882
6885	10454
6885	51701
6885	6885
6886	4004
6886	4005
6886	6938
6887	6938
6888	6888
6890	6891
6892	2923
689	4666
6894	6894
6895	23405
6897	6897
6898	6898
6906	6906
6907	6907
6908	10589
6908	1810
6908	2957
6908	2958
6908	2959
6908	2972
6910	6910
6913	6913
6915	6915
6917	5430
6921	122809
6921	140462
6921	6923
6921	8065
6921	84727
6921	92369
6923	122809
6923	140462
6924	6924
6925	117581
6925	121549
6925	1387
6925	2033
6925	222894
6925	256297
6925	3397
6925	3398
6925	3399
6925	3400
6925	4004
6925	429
6925	4762
6925	56676
6925	6886
6925	6887
6925	6925
6925	6929
6925	8543
6925	9464
6926	6926
6927	5092
6927	6927
6927	84105
6928	5092
6928	6928
6929	1387
6929	2033
6929	3397
6929	3398
6929	3399
6929	4005
6929	429
6929	4618
6929	4807
6929	6886
6929	6929
6929	6938
6929	7291
6929	9464
6938	50674
694	29883
6943	6925
6943	6929
6943	6938
6943	8543
6945	6945
694	9337
695	29760
695	695
695	8503
6990	1781
6990	6990
699	1024
699	207
6993	6993
699	5535
699	5604
699	57082
6996	6996
6999	6999
7001	7001
7003	10413
7003	51442
7003	9686
7004	25937
7004	51442
7005	25937
7005	51442
7006	50807
7010	284
7010	51378
7010	5796
7013	26272
7013	26277
7013	7013
7014	26277
7014	54386
7014	64858
7014	7014
7014	84464
7015	3836
701	57082
7018	7018
7019	7019
701	991
7025	8202
7026	7026
7027	1874
7027	1875
7029	1874
7031	7031
7033	7033
7035	5646
7037	3077
7037	7018
7037	7037
7039	2064
7039	3416
7040	117166
7040	7040
7040	7046
7040	7048
7041	2185
7041	5747
7042	7042
7043	3694
7043	7043
7043	7046
7043	7048
7046	2280
7046	659
7046	7046
7046	7048
7046	90
7048	90
7051	7051
7052	7052
7053	7053
7054	7054
7054	7532
7054	7534
7057	7057
7067	6256
7067	8648
7068	10499
7068	6256
7068	6257
7068	6258
7068	7068
7068	8202
7068	8648
7069	7069
7072	7072
7074	56288
7074	7074
7074	85445
7076	4312
7076	4314
7076	4318
7076	4319
7076	4323
7077	4323
7078	6868
7082	50848
7082	7082
7083	7083
7086	7086
708	708
7088	166
7088	7088
7088	7089
7089	1642
7090	166
7094	7094
7097	633
7097	7096
7097	7097
7098	7098
7098	9865
7099	23643
7099	633
7099	7099
7100	7100
7101	7101
71	1073
7123	7123
7124	7123
7124	7124
7124	7132
7124	7133
7125	7137
7126	253980
712	713
712	714
7128	7128
7128	7321
7132	7132
7132	8717
7132	8737
7132	8772
7133	7185
7133	7186
7134	7134
7135	7134
7135	7139
7136	7134
713	714
7137	7134
7137	7139
7138	22981
7138	7134
7139	7134
714	714
7150	7150
7153	7153
7155	7155
7156	80010
7157	10848
7157	1387
715	715
715	716
7157	2033
7157	23410
7157	2810
7157	2965
7157	3146
7157	4193
7157	56950
7157	596
7157	598
7157	6117
7157	6271
7157	6273
7157	6275
7157	6277
7157	7157
7157	7158
7157	7159
7157	7534
7157	7874
7157	80854
7157	8626
7157	890
7158	7158
7159	599
7159	7159
7159	8626
7161	10848
7161	4193
7161	7159
7161	7161
7161	8626
716	716
716	720
7167	7167
7168	7138
7168	7171
71	71
717	100293534
7177	7177
718	11326
718	1380
7182	7182
718	3075
718	3684
7185	330
7185	7185
7185	7189
7185	8717
7186	329
7186	330
7186	7185
7186	7186
7186	7189
7186	8717
7187	10010
718	718
7187	7187
7187	8717
7188	7187
7188	7188
7188	7189
7189	7189
7189	8792
720	100293534
7204	50618
7204	5879
720	720
7222	3710
722	722
7247	7247
7247	7257
7251	7251
7251	79720
7253	23513
7257	7257
7264	7264
7272	120892
7272	5597
7272	6195
7272	7272
7273	7273
7275	7275
7276	7276
727	727
727	729
7283	7283
7287	7287
7290	25842
7290	55723
7292	7292
7292	7293
7293	7186
7294	116449
7294	9047
7295	10628
7295	328
7295	4790
7295	7295
7295	7296
7296	7296
7297	7297
7298	7298
729920	729920
7305	7305
7311	10661
7311	199990
7311	26994
7311	2885
7311	54926
7311	57506
7311	63893
7311	7311
7311	7874
7314	10013
7314	10133
7314	10477
7314	11047
7314	11201
7314	23163
7314	26088
7314	26994
7314	27005
7314	27342
7314	29979
7314	4734
7314	51377
7314	54894
7314	64750
7314	7128
7314	7251
7314	7314
7314	7337
7314	7347
7314	7874
7314	83737
7316	10013
7316	10133
7316	10392
7316	10616
7316	10661
7316	11047
7316	11201
7316	152006
7316	1540
7316	23118
7316	23163
7316	23327
7316	23607
7316	26088
7316	267
7316	26994
7316	27005
7316	27338
7316	2885
7316	29979
7316	30011
7316	3093
7316	329
7316	331
7316	3416
7316	344558
7316	4077
7316	4287
7316	4738
7316	50807
7316	51028
7316	5111
7316	51429
7316	51529
7316	51720
7316	54469
7316	54764
7316	55432
7316	55593
7316	55611
7316	55666
7316	56852
7316	5710
7316	57559
7316	57630
7316	5886
7316	5887
7316	7128
7316	7251
7316	7316
7316	7317
7316	7320
7316	7321
7316	7322
7316	7323
7316	7327
7316	7334
7316	7336
7316	7347
7316	7874
7316	78990
7316	79444
7316	8027
7316	8078
7316	84993
7316	8517
7316	867
7316	868
7316	90268
7316	9097
7316	9101
7316	92552
7316	9373
7316	997
731	732
731	733
7317	7317
7319	56852
7320	329
7320	56852
7321	10210
7321	112401
7321	152006
7321	196403
7321	26001
7321	267
7321	26994
7321	27246
7321	29116
7321	329
7321	330
7321	331
7321	4193
7321	494470
7321	51132
7321	51255
7321	54778
7321	54894
7321	54941
7321	55611
7321	55658
7321	55743
7321	55819
7321	57484
7321	57534
7321	6015
7321	6045
7321	6047
7321	7189
7321	79102
7321	79444
7321	79594
7321	81847
7321	84231
7321	9354
7321	9666
7321	9921
7322	10210
7322	112401
7322	115426
7322	152006
7322	196403
7322	23327
7322	26001
7322	267
7322	26994
7322	27246
7322	329
7322	330
7322	331
7322	4193
7322	4738
7322	494470
7322	51132
7322	51255
7322	51444
7322	54778
7322	54894
7322	54941
7322	55611
7322	55658
7322	55743
7322	55819
7322	57484
7322	57534
7322	6015
7322	6045
7322	6047
7322	7189
7322	7322
7322	79102
7322	79444
7322	79594
7322	84231
7322	868
7322	89970
7322	9354
7322	9666
7322	9921
7323	10210
7323	112401
7323	115426
7323	152006
7323	196403
7323	26001
7323	267
7323	26994
7323	27246
7323	329
7323	330
7323	331
7323	494470
7323	51132
7323	51255
7323	54778
7323	54894
7323	54941
7323	55611
7323	55658
7323	55743
7323	55819
7323	57484
7323	57534
7323	6015
7323	6045
7323	6047
7323	7189
7323	7311
7323	7323
7323	79102
7323	79444
7323	79594
7323	81847
7323	89970
7323	9354
7323	9666
7323	9921
7324	112401
7324	196403
7324	26001
7324	26994
7324	27246
7324	331
7324	494470
7324	51132
7324	51255
7324	54778
7324	54894
7324	55611
7324	55743
7324	55819
7324	57484
7324	6015
7324	6045
7324	6047
7324	7189
7324	7324
7324	7874
7324	79102
7324	79594
7324	9666
7324	9921
7325	26994
7325	51132
7325	6045
7326	267
7327	148066
7327	267
7327	54778
7328	7328
7329	10054
7329	25950
7329	56852
7329	7329
7332	23624
7332	7337
7334	10210
7334	10273
7334	112401
7334	26001
7334	267
7334	26994
7334	330
7334	331
7334	387522
7334	494470
7334	54894
7334	54941
7334	55611
7334	55743
7334	55819
7334	57534
7334	7189
7334	7336
7334	84133
7334	9666
7337	7337
7341	10054
7341	10055
7341	1616
7341	29843
7341	5905
7341	59343
7341	6047
7341	6996
7341	7329
7341	7341
7345	7314
7345	7316
7345	7345
7347	6233
7358	7358
7360	7360
7364	7364
7371	7371
7372	7372
7374	6118
7375	10713
7375	7375
7375	84749
7376	10499
7376	5469
7376	6256
7376	7376
7376	8202
7376	8648
7378	7378
7385	7384
7389	7389
7391	7391
7391	7392
7392	7392
7398	7398
7398	9960
7402	7402
740	29088
7403	8350
740	51073
740	78988
7408	71
7408	7408
7408	7791
740	90480
7409	10006
7409	2885
7409	387
7409	3937
7409	5879
7409	6452
7409	6850
7409	868
7409	998
7410	10006
7410	10628
7410	2549
7410	64411
7410	6452
7410	868
7412	7412
7414	10152
7414	10580
7414	125950
7414	1495
7414	7094
7414	7414
7415	11124
7415	137886
7415	165324
7415	23190
7415	23197
7415	267
7415	51035
7415	55072
7415	55968
7415	7415
7415	9373
7421	10499
7421	5469
7421	6256
7421	6257
7421	6258
7421	7376
7421	7421
7421	8202
7421	8431
7421	8648
7422	2321
7422	3791
7422	3933
7422	5228
7422	7422
7422	7423
7423	7423
7424	7424
7428	3091
7428	6921
7428	6923
7428	8453
7429	7429
7430	4771
7430	5962
7430	7430
7430	9351
7431	2670
7431	54474
7431	5630
7431	7431
7434	7434
7441	3543
7441	7441
7443	1263
7448	5054
7448	5329
7450	2811
7450	7450
7453	7453
7454	57381
7454	5881
7454	998
7462	26228
7465	10783
7465	5347
7465	7465
7474	7855
7486	7486
7498	7498
7508	7508
7511	7511
7514	10073
7514	5569
7514	7514
7515	11284
7515	27343
7515	3980
7515	54840
7517	5888
7518	7518
7518	79840
7525	10006
7525	3815
7525	4233
7525	5747
7525	7525
752	752
7528	54799
7528	7528
7528	7775
7529	10413
7529	390
7529	51305
7529	7529
7529	7531
752	998
7531	51305
7531	7531
7531	7533
7531	7534
7532	51305
7532	7531
7532	7532
7533	51305
7533	7533
7534	15
7534	51305
7534	5581
7534	7534
7534	8350
7535	868
7536	7536
7541	112939
7551	7551
7551	7988
7564	7553
7564	94039
7572	51282
7572	54925
7572	7572
7572	7589
7572	7704
7572	7718
7572	7727
7572	7745
7572	84547
7579	51282
7586	54925
7593	51282
7593	7593
7597	22890
7597	7597
760	760
768	768
7697	653121
7703	29089
7703	6015
7703	6045
7703	7325
7704	27033
7704	7704
7706	7706
7709	2672
7709	7709
771	771
7718	51282
7718	7745
7726	7726
7726	90933
7727	54925
7727	7727
7727	7745
7737	148581
773	801
773	9478
7745	7745
774	774
7753	25888
7755	7490
775	775
7763	7316
7789	7789
7791	55740
7803	7803
782	775
7832	29883
7832	9337
783	775
7844	51619
7844	7321
7844	7322
7844	7323
7844	7325
7844	7334
784	775
7850	3556
7852	7852
7862	121504
7862	126961
7874	115426
7874	79892
7879	53916
7879	57403
7879	5869
7879	64284
7879	83547
78986	78986
78988	29088
78988	51073
78988	54948
78988	55168
78989	78989
78990	78990
79017	79017
79026	79026
79077	79077
790	790
79089	29979
79090	100128327
79090	122553
79090	79090
79102	51619
79109	79109
79132	23405
79132	79132
79154	79154
7915	7915
79171	5936
7917	267
7917	56893
7917	84993
79184	79184
7919	7919
7923	7923
79444	56616
79444	79444
7957	7957
79589	29089
79589	79589
79590	57129
79594	51619
79594	7325
79609	79609
79618	79618
79621	79621
79621	84153
79643	27183
79643	84313
79646	79646
7965	3735
79657	79657
79671	79671
79697	79697
79705	106821730
79705	120892
79705	4750
79705	79705
79717	79717
79733	144455
79734	79734
79745	79745
79746	79746
79754	55662
79763	79763
7979	55795
79797	55422
79797	79797
79797	7988
79813	79813
79823	79823
79827	79827
79831	79831
79833	79760
79837	79837
79840	79840
79849	79849
79873	79873
79876	79876
7988	7988
79890	23607
7991	11141
7991	51185
79930	1796
79930	79930
7993	7415
79969	79969
80012	80012
80019	51619
80117	23550
801	23288
801	23604
801	27130
80128	114088
801	2902
801	30818
801	3781
80142	80142
801	4638
801	4646
801	4651
80146	80146
801	4900
80150	80150
80153	80153
801	5530
801	5534
801	6326
801	6331
80176	5074
801	775
801	779
801	801
801	80726
801	815
801	817
801	84033
801	84223
801	85366
801	9657
8019	8019
8021	11269
80230	80230
80258	80258
8027	50807
8027	8027
8029	2694
8029	8029
80324	80324
80333	30819
80351	55662
80351	80351
8050	1738
8061	3726
8061	9586
8065	140462
8065	51676
8065	8065
8065	9616
8073	7803
80772	80772
80777	80777
80781	80781
8078	5887
8078	8078
8078	8975
80824	80824
8085	11091
80853	80853
80854	80854
8087	2332
8087	8087
8087	9513
80896	80896
8099	10263
8099	8099
810	4651
8106	8106
810	80726
8115	8115
8139	8139
81559	23087
81559	81559
81565	54820
81565	81565
815	815
81607	81607
81617	8428
81631	23192
816	815
816	816
816	94032
81704	81704
81	7414
8174	8174
817	6732
817	815
817	817
81786	81786
81793	81793
81858	81858
818	818
81	8826
81889	81889
8189	29101
8192	8192
81930	81930
8200	659
8200	8200
8200	9241
8204	2100
8204	2104
8204	6097
8216	8216
8224	8224
822	822
823	70
8237	7375
8237	7874
8237	8237
8237	84669
823	88
8243	9126
825	825
8260	8260
8266	7917
8266	8975
826	823
826	824
826	826
8290	29128
8290	8290
8291	8291
8312	2931
8312	2932
8312	324
8312	80351
8312	8312
8317	1019
8317	1025
8317	1026
8317	10926
8322	8322
8324	7473
8329	7862
834	834
8349	81611
8350	10951
8350	1108
8350	11083
8350	11335
8350	139886
8350	152098
8350	2186
8350	221656
8350	23408
8350	25842
8350	26108
8350	26147
8350	283149
8350	29128
8350	51548
8350	51592
8350	54737
8350	55193
8350	55693
8350	55723
8350	57332
8350	79813
8350	7994
8350	80854
8350	8110
8350	8350
8350	84717
8350	84733
8350	90780
8350	94239
8350	9425
83540	57405
83547	83547
83549	83549
835	835
83593	11186
83605	11235
83605	83605
836	331
83638	83638
83658	83658
836	836
836	839
836	841
836	842
83700	83700
83737	10628
83737	7325
83737	83737
83746	83746
8379	8379
8382	143241
8382	84332
83850	23344
83850	83850
83931	10221
8396	8396
839	839
83987	57763
840	331
84033	7273
84034	11117
8405	5728
84056	84056
8405	7704
8405	8405
8405	8452
8405	9555
84064	84064
84079	84079
840	839
840	840
840	841
840	842
8409	5202
84101	84101
84105	84105
8411	57403
8411	8411
8412	3815
8412	4739
8412	8412
84129	84129
84132	84132
84148	84148
84168	84168
8417	6810
841	841
841	843
84191	84191
84193	84193
84196	9960
84231	51619
842	329
842	330
842	331
84245	84245
8424	8424
84262	84262
84263	84263
84266	84266
842	79444
842	842
8428	8428
84296	51659
84296	64785
84307	55663
84309	84309
84329	84329
84333	6045
84333	84759
8436	8436
8440	10152
8440	1123
8440	3815
8440	3937
8440	3987
8440	4915
8440	51225
8440	51517
8440	7316
8440	780
8440	8440
8440	8470
8440	868
84433	84433
84440	26056
84440	84440
84456	84456
8445	8798
84464	84464
8446	8446
8448	8448
8449	9785
8450	1642
8450	55832
8450	8450
8451	1642
8451	55832
8452	26249
8452	27252
8452	55175
8452	55975
8452	59349
8452	64395
8452	80325
84528	79923
84528	84528
8453	6921
8454	11146
8454	4738
84545	28977
84545	28998
8454	54165
84545	55052
8454	55832
84545	65080
84545	78988
84547	84547
8454	8454
84557	84557
845	845
8459	8459
84612	57381
84628	57689
84628	64101
8463	51442
84656	221656
84656	84656
84661	84661
84661	9070
84669	84132
84675	84675
84676	57159
84676	84675
84676	84676
84680	84680
84681	84681
84693	84693
8470	27
84705	84705
84706	84706
84708	1857
8470	8470
84708	84708
84717	84717
8473	10454
8473	1457
8473	3054
84733	126961
84733	84733
84735	84735
8473	8473
84747	2779
8476	8476
8476	9578
84779	80155
847	847
84811	51634
8482	8482
84838	7589
84864	84864
84868	84868
84869	7923
84869	84869
84875	84875
8487	6606
8487	6632
8487	6633
8487	6635
8487	6636
8487	6637
84876	93129
84894	84894
84897	84897
84926	84926
84929	84929
84939	84939
8495	8495
84959	84959
84988	84988
84991	84991
85007	85007
8503	84941
8503	9047
8507	112939
8513	8513
8514	8514
8517	8517
8522	29993
8522	8522
85236	121504
85236	3012
8527	8527
8530	8530
8535	3020
8535	57332
8535	8535
8536	2011
85363	85363
85365	85365
8536	8536
85377	10938
85415	85415
8543	8861
85439	10938
85439	58513
8547	8547
8549	284654
8549	54894
8549	8549
8550	6732
8553	4862
8553	8553
8557	7273
8565	8565
8566	8566
8570	22827
8572	8572
8573	1025
8573	10769
8573	1739
8573	25861
8573	25865
8573	320
8573	55914
8573	57524
8573	6645
8573	6733
8573	7074
8573	8499
8573	8573
8573	8874
8574	22977
8574	8574
8575	23405
8576	23178
8576	54861
8576	9641
8576	9833
8600	8600
8601	2771
8601	2773
8604	8604
8607	8607
8615	8615
861	861
861	865
8623	8623
8625	5993
8625	64864
8625	8625
8625	9759
8626	8626
862	6938
862	862
862	9612
8631	8631
8637	1977
8637	9470
8639	8639
8648	2100
864	865
8648	8648
8648	9971
8649	28956
8651	1398
8651	1399
8651	2322
8651	3480
8651	3717
8651	4233
8651	5159
8651	5295
8651	6921
8651	7006
8651	7010
8651	7409
8654	5148
8654	8654
8655	140735
8655	1781
8655	5058
8655	8655
8655	91754
865	6921
8658	4170
8658	8658
8659	8659
8661	10480
8661	27335
8661	8663
8665	27335
8665	8661
8665	8663
8665	8665
8665	8667
8666	5586
8667	10480
8667	51386
8667	8661
8667	8663
866	866
8669	8662
8669	8669
8672	1973
8672	1974
8674	6810
8674	9342
8675	10791
8675	63908
8675	6810
8676	6616
8676	6812
867	6850
8676	8676
867	7322
867	7332
867	7535
8677	738
867	81848
867	867
8678	8678
868	10006
868	23607
868	30011
868	50807
8687	112802
8687	286887
8687	338785
8687	3849
8687	3852
8687	3853
8687	3854
8687	3856
8687	3887
8687	3889
868	868
868	8874
8697	8697
871	136227
8717	8717
8717	8718
87178	87178
8718	8718
8722	8722
8725	5202
8726	121504
8726	2146
8726	8726
8732	8732
8736	8736
8737	11035
8737	120892
8737	55367
8737	8737
8737	9578
8738	55367
8738	8738
8740	8740
8740	8764
8740	8771
8743	8743
8743	8793
8744	8744
8764	8764
8766	117177
8766	22841
8766	26056
8766	4644
8766	4645
8766	5298
8766	5866
8766	80223
8766	84440
8766	8766
8767	10392
8767	64127
8767	8767
8771	356
8771	8771
8772	8717
8772	8737
8772	8772
8773	10791
8773	2054
8773	63908
8773	6804
8773	6809
8773	6810
8773	8676
8773	8773
8773	8775
8775	6810
8775	6811
8777	8777
87	79778
87	87
8789	2203
8789	8789
8794	8743
8795	8743
8797	8743
8797	8772
8804	8804
8805	121504
8805	8350
8805	8805
8807	3606
8807	8809
8809	3606
8811	4886
8812	1025
8812	5129
8812	51755
8815	2010
8815	8815
8819	25942
8825	4355
8825	64398
8825	8573
8826	8826
8828	7422
8828	8828
8829	5362
8829	7422
8829	8829
8832	8832
8833	8833
8835	6921
8835	6923
8835	8065
8836	8836
8837	836
8837	841
8837	843
8837	8837
883	883
8841	9611
8841	9612
8848	1831
8848	81628
8848	8848
8850	8850
8853	2534
8853	2885
8853	29763
8853	30011
8853	4690
8853	5335
8853	6453
8856	10499
8856	6256
8856	6257
8856	6258
8856	8202
8856	8648
8856	8856
8858	51156
8861	55885
8864	1407
8864	1408
8874	83737
8874	9459
8877	8877
8878	8878
88	79778
8879	8879
8880	22827
8880	8880
8881	246184
8881	8881
8883	4738
8883	9039
8887	8887
88	88
8888	56943
8892	8890
889	57493
889	5906
889	5908
8898	8898
889	9270
889	9784
8899	8899
890	1017
890	1026
890	1027
890	1869
890	5933
8908	2997
8908	8908
890	890
890	990
891	1017
891	1026
891	5347
8915	64170
8915	84433
8915	8915
891	890
891	899
892	1024
8924	998
8928	2290
8935	26191
8936	10152
894	1020
894	1027
8942	8942
8943	10239
8943	1176
8943	6845
8943	8943
8945	8945
896	1021
896	1027
896	896
8970	121504
8970	3015
8970	81611
8970	94239
8975	1540
8975	8975
8976	23268
8976	23433
8976	57381
8976	71
8976	998
89780	8325
898	1017
898	1027
898	2932
8986	1432
89870	89870
8988	26353
89	89
89890	23710
8989	8989
8995	8995
899	6500
90135	90135
9020	29110
9020	9020
9021	3717
9021	4233
9021	7525
9021	9047
902	23552
9025	10477
9025	7322
9025	7325
9025	7334
9025	9025
9025	9656
90268	55072
9026	9026
902	902
9033	9033
9039	140739
9039	9039
9040	4738
9040	54165
9040	55208
9040	9039
904	1025
904	27125
9043	375
9043	382
9043	9043
904	4299
90459	90459
9046	79930
9046	9046
90480	29088
90480	51073
9048	9048
904	904
9049	3320
9049	9804
9051	50807
9055	9055
9060	9060
9061	9061
9063	6613
9063	7341
9064	4217
90	659
9070	9070
9077	3845
9079	55885
9079	8543
90865	9173
90	90
9092	59286
90933	51127
90952	90952
909	567
9097	6233
9097	9097
909	909
9099	7314
9099	7316
9099	9099
9101	10193
9101	23326
9101	7375
9101	9101
9104	9104
910	567
9107	9107
9112	3065
9112	3066
9112	9112
9113	55233
9113	983
912	567
9125	9125
9128	10465
912	912
9131	9131
9132	801
9132	9132
9133	1017
9133	1026
9134	1017
9134	1018
9134	1027
9134	1028
9135	23062
9135	23163
9135	26088
9135	27342
9135	9135
9138	9138
9139	9139
9140	64422
9140	9474
914	23607
914	30011
9146	10040
9146	10043
9146	10254
9146	23062
9146	23163
9146	7251
9146	7316
9146	8027
914	965
91584	91584
915	916
916	2059
916	54869
91662	152138
916	64787
916	6850
916	7535
91694	91694
91703	91703
9172	9172
91754	10783
9175	9175
9179	10717
9179	351
91801	91801
919	6464
919	7535
919	919
920	3122
920	3932
920	5747
9208	9208
920	920
9212	3619
9217	9217
9217	9218
9223	6732
9223	9693
92291	92291
9230	22841
9230	26056
9230	4645
9230	80223
92335	51719
92342	92342
92369	5074
92369	92369
9241	9241
92421	128866
92421	29082
92421	92421
9242	3398
9242	6925
9246	23624
9246	7316
9246	7337
9248	9248
9252	1432
9253	9253
925	3932
92552	92552
925	567
9256	9256
925	925
92597	26524
9261	1432
9261	9261
9265	382
9266	9266
92675	92675
9270	3688
9270	9270
9271	9271
92906	92906
92912	92912
9294	1901
9295	6426
9306	116449
9306	1398
9306	3815
9306	8503
93100	93100
93107	9312
9312	9312
9318	10980
9318	10987
9318	2873
9318	51138
9318	9318
9319	9319
9322	9322
93	2658
9342	23673
9342	55014
9342	6804
9342	6809
9342	6843
9342	6844
9342	6845
9342	8673
9342	9342
9343	9343
9351	5174
9353	6091
9353	9353
9354	51619
9355	8861
9361	9361
9364	9364
9368	4478
9368	4771
9368	5174
9368	7430
9371	9371
9372	4087
9372	4088
9373	9373
9379	7074
9380	9380
93973	79913
93973	93973
93986	4773
93986	93986
9400	9400
9402	1436
9402	3815
9402	3937
9402	50807
940	2885
9402	940
94031	94031
94032	815
94033	94033
9407	4485
940	940
940	941
940	942
941	29126
9414	9414
941	941
941	942
94	2280
9423	1630
9423	4756
94239	94239
9425	9425
94	2658
942	942
9429	9429
9436	9436
943	7185
943	7186
943	7187
9443	51003
9443	9412
9444	9444
9446	9446
9447	29108
9447	9447
9448	50488
9448	5581
9448	9448
9450	4064
9451	9451
9453	9453
9454	9454
9459	6457
9463	9463
9465	53340
9467	5602
9470	1978
9475	8576
9475	9475
9475	9641
9491	9491
9493	9493
9495	5530
950	950
9513	2332
9513	9513
9521	4141
9525	25978
9525	27183
9525	5119
9525	9798
9527	6811
952	952
9530	3306
9531	3312
9531	57561
9532	3312
9532	9532
9533	51082
9533	5439
9536	9536
9540	9540
9545	117177
9550	529
9553	51318
9553	90480
9554	10484
9554	10802
9554	6804
9554	6810
9554	6811
9555	121504
9555	3018
9555	8350
9555	9555
9564	10044
9564	115426
9564	9564
9568	2550
9570	10228
9570	6810
9570	6811
9570	9871
9572	10002
9572	9572
9572	9975
9575	56938
9578	9578
9584	3842
9584	9584
958	7186
958	7187
958	7189
9588	9588
958	959
95	95
9595	9595
959	959
9601	2923
960	960
9611	10062
9611	2100
9611	2908
9611	367
9611	5467
9611	5468
9611	5914
9611	5916
9611	7067
9611	7068
9611	7376
9611	7421
9611	9572
9611	9611
9611	9971
9615	9615
9618	7189
9618	9618
961	961
9619	64137
9619	64240
9619	9619
9622	9622
962	51744
9627	9627
9628	9628
9632	10483
9632	10484
9636	4734
9636	7318
9641	25778
9641	29110
9641	9748
9643	55257
9648	9648
9655	6921
9656	11073
9656	9656
9666	10477
9666	51619
9666	7325
9667	9667
9670	107984923
9670	5901
9670	7329
96764	96764
9682	121504
9682	8290
9682	8350
9685	10490
9686	7004
969	969
9702	9702
972	1514
972	3113
9727	57111
9727	84440
9727	8766
9727	9230
9727	9727
972	972
9733	10921
9739	11091
9743	10152
9743	998
9744	9744
9748	9748
974	974
9759	57763
975	975
9759	7531
9759	7532
9759	7534
9759	9759
9775	27250
9775	4116
9775	57703
9775	65109
9775	9939
9776	60673
9788	9788
978	978
9798	23111
9798	25989
9798	51534
9798	6683
9798	9798
9801	63875
9801	64928
9810	56254
9810	9810
9814	1069
9815	28964
9815	9815
9817	26249
9817	4779
9817	4780
9817	9817
9818	9818
9826	387
9826	388
9826	5364
9826	998
983	1022
983	1033
983	106821730
983	1163
9833	9833
983	5610
9837	51659
9837	64785
9837	84296
983	9212
984	1022
9841	23099
9841	28999
9841	53335
9841	653121
9844	1794
9844	9844
984	5058
984	896
9861	55210
9861	5719
9863	9693
9867	51619
9867	7321
9867	7322
9867	7323
9867	7334
9871	10483
9871	10484
9871	6811
9873	50618
9873	6453
9874	9874
987	987
9886	8065
989	151011
9891	5573
9891	9113
989	346288
989	5413
989	989
991	4085
9915	10460
9915	8202
9921	10477
9921	51619
9921	7325
9922	9922
9924	9924
9925	51043
993	1850
9935	9935
9937	9937
9941	9941
9943	51719
9943	65125
9943	65266
9943	9943
994	994
995	5347
9955	9955
9958	9958
995	995
9960	9960
996	119504
9961	9961
9965	2260
9965	9965
9966	8718
9966	8771
9966	9966
996	79648
996	8881
996	996
9970	5469
9970	8648
9970	9970
9971	9971
9973	9973
9978	11146
9978	4738
9978	55832
9978	8065
9978	8451
9978	8453
9978	8454
9978	9978
998	10188
998	10458
998	10602
998	106821730
998	11135
998	114793
998	23348
998	23580
998	25791
998	392
998	5058
998	5062
998	50855
998	57144
998	57514
998	5879
998	6453
998	81704
998	84552
998	84612
998	8476
998	9459
998	9578
998	998
999	10219
999	1499
999	8502
999	999
